text,data,bss,dec,hex,filename
138312,13272,119520,271104,42300,AFSK_Imperial_March
138128,12584,119504,270216,41f88,AFSK_Tone
138224,12584,119504,270312,41fe8,AFSK_Tone_AM
142176,12584,119560,274320,42f90,APRS_MicE
141980,12584,119560,274124,42ecc,APRS_Position
141712,12584,119528,273824,42da0,APRS_Position_LoRa
139992,12584,119520,272096,426e0,AX25_Frames
139552,12584,119520,271656,42528,AX25_Transmit
140192,12584,119528,272304,427b0,AX25_Transmit_AFSK
141316,12584,119536,273436,42c1c,BellModem_Transmit
131012,12584,119480,263076,403a4,CC1101_Receive_Address
130852,12584,119480,262916,40304,CC1101_Receive_Blocking
130912,12584,119480,262976,40340,CC1101_Receive_Interrupt
130388,12584,119840,262812,4029c,CC1101_Settings
129892,12584,119480,261956,3ff44,CC1101_Transmit_Address
130416,12584,119480,262480,40150,CC1101_Transmit_Blocking
130552,12584,119488,262624,401e0,CC1101_Transmit_Interrupt
138832,12632,119576,271040,422c0,FSK4_Transmit
138840,12632,119584,271056,422d0,FSK4_Transmit_AFSK
141600,12584,119536,273720,42d38,Hellschreiber_Transmit
141624,12584,119544,273752,42d58,Hellschreiber_Transmit_AFSK
136944,12584,119520,269048,41af8,LR11x0_Channel_Activity_Detection_Blocking
137112,12584,119528,269224,41ba8,LR11x0_Channel_Activity_Detection_Interrupt
382664,12584,119520,514768,7dad0,LR11x0_Firmware_Update
137808,12584,119520,269912,41e58,LR11x0_GFSK_Modem
138936,12584,119600,271120,42310,LR11x0_GNSS_Almanac_Update
139052,12584,119536,271172,42344,LR11x0_GNSS_Autonomous_Position
138532,12584,119528,270644,42134,LR11x0_GNSS_Satellites
136656,12584,119520,268760,419d8,LR11x0_LR_FHSS_Modem
138244,12584,119536,270364,4201c,LR11x0_PingPong
138056,12584,119520,270160,41f50,LR11x0_Receive_Blocking
138116,12584,119528,270228,41f94,LR11x0_Receive_Interrupt
138124,12584,119528,270236,41f9c,LR11x0_Transmit_Blocking
137756,12584,119536,269876,41e34,LR11x0_Transmit_Interrupt
139192,12584,119520,271296,423c0,LR11x0_WiFi_Scan_Blocking
139232,12584,119528,271344,423f0,LR11x0_WiFi_Scan_Interrupt
156800,12584,121400,290784,46fe0,LoRaWAN_ABP
160844,12584,121480,294908,47ffc,LoRaWAN_Class_C
160932,12584,121488,295004,4805c,LoRaWAN_Multicast
158912,12584,121408,292904,47828,LoRaWAN_Reference
156752,12584,121408,290744,46fb8,LoRaWAN_Starter
158236,12592,121952,292780,477ac,LoRaWAN_TS_Packages
139320,12584,119576,271480,42478,Morse_Receive_AM
141464,12584,119568,273616,42cd0,Morse_Transmit_AM
141368,12584,119568,273520,42c70,Morse_Transmit_FM
141360,12584,119560,273504,42c60,Morse_Transmit_SSB
141144,12584,119552,273280,42b80,Pager_Receive
140972,12584,119552,273108,42ad4,Pager_Transmit
139492,12584,119496,271572,424d4,PhysicalLayer_Interface
129584,12584,119480,261648,3fe10,RF69_Receive_AES
129752,12584,119480,261816,3feb8,RF69_Receive_Address
129924,12584,119480,261988,3ff64,RF69_Receive_Blocking
129984,12584,119488,262056,3ffa8,RF69_Receive_Interrupt
129980,12584,119848,262412,4010c,RF69_Settings
129052,12584,119480,261116,3fbfc,RF69_Transmit_AES
129220,12584,119480,261284,3fca4,RF69_Transmit_Address
129584,12584,119488,261656,3fe18,RF69_Transmit_Blocking
129720,12584,119496,261800,3fea8,RF69_Transmit_Interrupt
141552,12584,119544,273680,42d10,RTTY_Transmit
141624,12584,119552,273760,42d60,RTTY_Transmit_AFSK
139676,13864,119632,273172,42b14,SSTV_Transmit
139748,13864,119640,273252,42b64,SSTV_Transmit_AFSK
129664,12584,119488,261736,3fe68,SX123x_Receive_Blocking
129760,12584,119488,261832,3fec8,SX123x_Transmit_Blocking
140684,12584,119568,272836,429c4,SX126x_Channel_Activity_Detection_Blocking
140852,12584,119568,273004,42a6c,SX126x_Channel_Activity_Detection_Interrupt
142388,12584,119568,274540,4306c,SX126x_Channel_Activity_Detection_Receive
141716,12584,119568,273868,42dcc,SX126x_FSK_Modem
141872,12584,119568,274024,42e68,SX126x_LR_FHSS_Transmit_Blocking
141488,12584,119576,273648,42cf0,SX126x_LR_FHSS_Transmit_Interrupt
141976,12584,119576,274136,42ed8,SX126x_PingPong
142084,12584,119568,274236,42f3c,SX126x_Receive_Blocking
142144,12584,119568,274296,42f78,SX126x_Receive_Interrupt
142708,12584,120016,275308,4336c,SX126x_Settings
142916,12584,119568,275068,4327c,SX126x_Spectrum_Scan
143460,12584,119568,275612,4349c,SX126x_Spectrum_Scan_Frequency
141872,12584,119568,274024,42e68,SX126x_Transmit_Blocking
141488,12584,119576,273648,42cf0,SX126x_Transmit_Interrupt
137892,12584,119496,269972,41e94,SX127x_Channel_Activity_Detection_Blocking
138080,12584,119504,270168,41f58,SX127x_Channel_Activity_Detection_Interrupt
139804,12584,119504,271892,42614,SX127x_Channel_Activity_Detection_Receive
139536,12584,119496,271616,42500,SX127x_FSK_Modem
139236,12584,119512,271332,423e4,SX127x_PingPong
139420,12584,119496,271500,4248c,SX127x_Receive_Blocking
138016,12584,119496,270096,41f10,SX127x_Receive_Direct
139016,12608,119520,271144,42328,SX127x_Receive_FHSS
139512,12584,119504,271600,424f0,SX127x_Receive_Interrupt
142140,12584,119880,274604,430ac,SX127x_Settings
139116,12584,119504,271204,42364,SX127x_Transmit_Blocking
139556,12608,119536,271700,42554,SX127x_Transmit_FHSS
138748,12584,119512,270844,421fc,SX127x_Transmit_Interrupt
133152,12584,119504,265240,40c18,SX128x_BLE_Modem
131856,12584,119504,263944,40708,SX128x_Channel_Activity_Detection_Blocking
132024,12584,119504,264112,407b0,SX128x_Channel_Activity_Detection_Interrupt
133152,12584,119504,265240,40c18,SX128x_FLRC_Modem
132824,12584,119504,264912,40ad0,SX128x_GFSK_Modem
133300,12584,119504,265388,40cac,SX128x_Ranging
133256,12584,119504,265344,40c80,SX128x_Receive_Blocking
133316,12584,119504,265404,40cbc,SX128x_Receive_Interrupt
132736,12584,119888,265208,40bf8,SX128x_Settings
132524,12584,119504,264612,409a4,SX128x_Transmit_Blocking
132660,12584,119512,264756,40a34,SX128x_Transmit_Interrupt
130544,12584,119472,262600,401c8,Si443x_Receive_Blocking
130612,12584,119480,262676,40214,Si443x_Receive_Interrupt
130788,12584,119832,263204,40424,Si443x_Settings
130720,12584,119480,262784,40280,Si443x_Transmit_Blocking
130840,12584,119488,262912,40300,Si443x_Transmit_Interrupt
138236,12584,120024,270844,421fc,Stream_Receive
138944,12584,119528,271056,422d0,Stream_Transmit
127224,12584,119464,259272,3f4c8,nRF24_Receive_Blocking
127308,12584,119464,259356,3f51c,nRF24_Receive_Interrupt
127400,12584,119464,259448,3f578,nRF24_Transmit_Blocking
127448,12584,119472,259504,3f5b0,nRF24_Transmit_Interrupt
