text,data,bss,dec,hex,filename
138552,13272,119512,271336,423e8,AFSK_Imperial_March
138376,12584,119496,270456,42078,AFSK_Tone
138464,12584,119496,270544,420d0,AFSK_Tone_AM
142488,12584,119552,274624,430c0,APRS_MicE
142228,12584,119552,274364,42fbc,APRS_Position
141960,12584,119520,274064,42e90,APRS_Position_LoRa
140240,12584,119512,272336,427d0,AX25_Frames
139800,12584,119512,271896,42618,AX25_Transmit
140496,12584,119520,272600,428d8,AX25_Transmit_AFSK
141620,12584,119528,273732,42d44,BellModem_Transmit
130436,12584,119472,262492,4015c,CC1101_Receive_Address
130340,12584,119472,262396,400fc,CC1101_Receive_Blocking
130404,12584,119480,262468,40144,CC1101_Receive_Interrupt
129888,12584,119832,262304,400a0,CC1101_Settings
129384,12584,119472,261440,3fd40,CC1101_Transmit_Address
129908,12584,119480,261972,3ff54,CC1101_Transmit_Blocking
130044,12584,119488,262116,3ffe4,CC1101_Transmit_Interrupt
139164,12632,119560,271356,423fc,FSK4_Transmit
139172,12632,119568,271372,4240c,FSK4_Transmit_AFSK
141928,12584,119520,274032,42e70,Hellschreiber_Transmit
142016,12584,119528,274128,42ed0,Hellschreiber_Transmit_AFSK
136924,12584,119512,269020,41adc,LR11x0_Channel_Activity_Detection_Blocking
137156,12584,119520,269260,41bcc,LR11x0_Channel_Activity_Detection_Interrupt
382708,12584,119512,514804,7daf4,LR11x0_Firmware_Update
137928,12584,119512,270024,41ec8,LR11x0_GFSK_Modem
138980,12584,119592,271156,42334,LR11x0_GNSS_Almanac_Update
139096,12584,119528,271208,42368,LR11x0_GNSS_Autonomous_Position
138512,12584,119520,270616,42118,LR11x0_GNSS_Satellites
136628,12584,119512,268724,419b4,LR11x0_LR_FHSS_Modem
138288,12584,119528,270400,42040,LR11x0_PingPong
138032,12584,119512,270128,41f30,LR11x0_Receive_Blocking
138096,12584,119520,270200,41f78,LR11x0_Receive_Interrupt
138168,12584,119520,270272,41fc0,LR11x0_Transmit_Blocking
137800,12584,119528,269912,41e58,LR11x0_Transmit_Interrupt
139172,12584,119512,271268,423a4,LR11x0_WiFi_Scan_Blocking
139276,12584,119520,271380,42414,LR11x0_WiFi_Scan_Interrupt
155656,12584,120864,289104,46950,LoRaWAN_ABP
157704,12584,120872,291160,47158,LoRaWAN_Reference
155544,12584,120872,289000,468e8,LoRaWAN_Starter
139640,12584,119568,271792,425b0,Morse_Receive_AM
141856,12584,119560,274000,42e50,Morse_Transmit_AM
141760,12584,119560,273904,42df0,Morse_Transmit_FM
141688,12584,119552,273824,42da0,Morse_Transmit_SSB
141384,12584,119536,273504,42c60,Pager_Receive
141276,12584,119536,273396,42bf4,Pager_Transmit
139744,12584,119488,271816,425c8,PhysicalLayer_Interface
129372,12584,119480,261436,3fd3c,RF69_Receive_AES
129548,12584,119480,261612,3fdec,RF69_Receive_Address
129712,12584,119480,261776,3fe90,RF69_Receive_Blocking
129776,12584,119488,261848,3fed8,RF69_Receive_Interrupt
129772,12584,119848,262204,4003c,RF69_Settings
128844,12584,119480,260908,3fb2c,RF69_Transmit_AES
129020,12584,119480,261084,3fbdc,RF69_Transmit_Address
129376,12584,119488,261448,3fd48,RF69_Transmit_Blocking
129512,12584,119496,261592,3fdd8,RF69_Transmit_Interrupt
141892,12584,119528,274004,42e54,RTTY_Transmit
141964,12584,119536,274084,42ea4,RTTY_Transmit_AFSK
140004,13864,119624,273492,42c54,SSTV_Transmit
140076,13864,119632,273572,42ca4,SSTV_Transmit_AFSK
129356,12584,119480,261420,3fd2c,SX123x_Receive_Blocking
129520,12584,119488,261592,3fdd8,SX123x_Transmit_Blocking
140212,12584,119552,272348,427dc,SX126x_Channel_Activity_Detection_Blocking
140380,12584,119560,272524,4288c,SX126x_Channel_Activity_Detection_Interrupt
142044,12584,119560,274188,42f0c,SX126x_Channel_Activity_Detection_Receive
141384,12584,119552,273520,42c70,SX126x_FSK_Modem
140532,12584,119552,272668,4291c,SX126x_LR_FHSS_Modem
141576,12584,119568,273728,42d40,SX126x_PingPong
141672,12584,119552,273808,42d90,SX126x_Receive_Blocking
141744,12584,119560,273888,42de0,SX126x_Receive_Interrupt
142132,12584,119992,274708,43114,SX126x_Settings
142452,12584,119552,274588,4309c,SX126x_Spectrum_Scan
142996,12584,119552,275132,432bc,SX126x_Spectrum_Scan_Frequency
141400,12584,119560,273544,42c88,SX126x_Transmit_Blocking
141088,12584,119568,273240,42b58,SX126x_Transmit_Interrupt
138132,12584,119488,270204,41f7c,SX127x_Channel_Activity_Detection_Blocking
138328,12584,119496,270408,42048,SX127x_Channel_Activity_Detection_Interrupt
140168,12584,119496,272248,42778,SX127x_Channel_Activity_Detection_Receive
139780,12584,119488,271852,425ec,SX127x_FSK_Modem
139476,12584,119496,271556,424c4,SX127x_PingPong
139772,12584,119488,271844,425e4,SX127x_Receive_Blocking
138280,12584,119488,270352,42010,SX127x_Receive_Direct
139264,12608,119504,271376,42410,SX127x_Receive_FHSS
139868,12584,119488,271940,42644,SX127x_Receive_Interrupt
142292,12584,119856,274732,4312c,SX127x_Settings
139364,12584,119488,271436,4244c,SX127x_Transmit_Blocking
139860,12608,119528,271996,4267c,SX127x_Transmit_FHSS
138988,12584,119496,271068,422dc,SX127x_Transmit_Interrupt
132068,12584,119488,264140,407cc,SX128x_BLE_Modem
130776,12584,119488,262848,402c0,SX128x_Channel_Activity_Detection_Blocking
130944,12584,119488,263016,40368,SX128x_Channel_Activity_Detection_Interrupt
132004,12584,119488,264076,4078c,SX128x_FLRC_Modem
131740,12584,119488,263812,40684,SX128x_GFSK_Modem
132556,12584,119488,264628,409b4,SX128x_Ranging
132500,12584,119488,264572,4097c,SX128x_Receive_Blocking
132564,12584,119488,264636,409bc,SX128x_Receive_Interrupt
131680,12584,119856,264120,407b8,SX128x_Settings
131444,12584,119488,263516,4055c,SX128x_Transmit_Blocking
131580,12584,119496,263660,405ec,SX128x_Transmit_Interrupt
130780,12584,119472,262836,402b4,Si443x_Receive_Blocking
130844,12584,119472,262900,402f4,Si443x_Receive_Interrupt
131028,12584,119824,263436,4050c,Si443x_Settings
130952,12584,119472,263008,40360,Si443x_Transmit_Blocking
131080,12584,119480,263144,403e8,Si443x_Transmit_Interrupt
138476,12584,120008,271068,422dc,Stream_Receive
139184,12584,119520,271288,423b8,Stream_Transmit
126940,12584,119456,258980,3f3a4,nRF24_Receive_Blocking
127028,12584,119464,259076,3f404,nRF24_Receive_Interrupt
127120,12584,119464,259168,3f460,nRF24_Transmit_Blocking
127232,12584,119472,259288,3f4d8,nRF24_Transmit_Interrupt
