text,data,bss,dec,hex,filename
340128,12032,8368,360528,58050,AFSK_Imperial_March
339992,12032,8368,360392,57fc8,AFSK_Tone
340088,12032,8368,360488,58028,AFSK_Tone_AM
353440,12032,8424,373896,5b488,APRS_MicE
353056,12032,8424,373512,5b308,APRS_Position
353144,12032,8392,373568,5b340,APRS_Position_LoRa
341784,12032,8384,362200,586d8,AX25_Frames
341416,12032,8384,361832,58568,AX25_Transmit
341896,12032,8392,362320,58750,AX25_Transmit_AFSK
342264,12032,8400,362696,588c8,BellModem_Transmit
333292,12032,8340,353664,56580,CC1101_Receive_Address
333148,12032,8340,353520,564f0,CC1101_Receive_Blocking
333228,12032,8340,353600,56540,CC1101_Receive_Interrupt
332340,12032,8700,353072,56330,CC1101_Settings
332204,12032,8340,352576,56140,CC1101_Transmit_Address
332600,12032,8344,352976,562d0,CC1101_Transmit_Blocking
332748,12032,8348,353128,56368,CC1101_Transmit_Interrupt
340628,12032,8420,361080,58278,FSK4_Transmit
340652,12032,8428,361112,58298,FSK4_Transmit_AFSK
342556,12032,8396,362984,589e8,Hellschreiber_Transmit
342620,12032,8404,363056,58a30,Hellschreiber_Transmit_AFSK
338528,12032,8384,358944,57a20,LR11x0_Channel_Activity_Detection_Blocking
338704,12032,8384,359120,57ad0,LR11x0_Channel_Activity_Detection_Interrupt
584272,12032,8384,604688,93a10,LR11x0_Firmware_Update
339144,12032,8384,359560,57c88,LR11x0_GFSK_Modem
340424,12032,8464,360920,581d8,LR11x0_GNSS_Almanac_Update
340544,12032,8400,360976,58210,LR11x0_GNSS_Autonomous_Position
339988,12032,8388,360408,57fd8,LR11x0_GNSS_Satellites
338240,12032,8384,358656,57900,LR11x0_LR_FHSS_Modem
339644,12032,8388,360064,57e80,LR11x0_PingPong
339408,12032,8384,359824,57d90,LR11x0_Receive_Blocking
339472,12032,8384,359888,57dd0,LR11x0_Receive_Interrupt
339684,12032,8388,360104,57ea8,LR11x0_Transmit_Blocking
339240,12032,8392,359664,57cf0,LR11x0_Transmit_Interrupt
340504,12032,8384,360920,581d8,LR11x0_WiFi_Scan_Blocking
340568,12032,8384,360984,58218,LR11x0_WiFi_Scan_Interrupt
356924,12032,10244,379200,5c940,LoRaWAN_ABP
360916,12032,10324,383272,5d928,LoRaWAN_Class_C
361012,12032,10332,383376,5d990,LoRaWAN_Multicast
359068,12032,10252,381352,5d1a8,LoRaWAN_Reference
356884,12032,10252,379168,5c920,LoRaWAN_Starter
367476,12032,10772,390280,5f488,LoRaWAN_TS_Packages
341048,12032,8432,361512,58428,Morse_Receive_AM
342424,12032,8432,362888,58988,Morse_Transmit_AM
342328,12032,8432,362792,58928,Morse_Transmit_FM
342312,12032,8424,362768,58910,Morse_Transmit_SSB
342212,12032,8412,362656,588a0,Pager_Receive
342396,12032,8412,362840,58958,Pager_Transmit
341088,12032,8360,361480,58408,PhysicalLayer_Interface
331648,12032,8344,352024,55f18,RF69_Receive_AES
331880,12032,8344,352256,56000,RF69_Receive_Address
332288,12032,8344,352664,56198,RF69_Receive_Blocking
332368,12032,8344,352744,561e8,RF69_Receive_Interrupt
331972,12032,8708,352712,561c8,RF69_Settings
331376,12032,8344,351752,55e08,RF69_Transmit_AES
331608,12032,8344,351984,55ef0,RF69_Transmit_Address
331852,12032,8348,352232,55fe8,RF69_Transmit_Blocking
331992,12032,8352,352376,56078,RF69_Transmit_Interrupt
342444,12032,8404,362880,58980,RTTY_Transmit
342468,12032,8412,362912,589a0,RTTY_Transmit_AFSK
341328,12032,8496,361856,58580,SSTV_Transmit
341360,12032,8504,361896,585a8,SSTV_Transmit_AFSK
331772,12032,8348,352152,55f98,SX123x_Receive_Blocking
332056,12032,8352,352440,560b8,SX123x_Transmit_Blocking
342372,12032,8428,362832,58950,SX126x_Channel_Activity_Detection_Blocking
342548,12032,8428,363008,58a00,SX126x_Channel_Activity_Detection_Interrupt
344076,12032,8428,364536,58ff8,SX126x_Channel_Activity_Detection_Receive
343140,12032,8428,363600,58c50,SX126x_FSK_Modem
343720,12032,8432,364184,58e98,SX126x_LR_FHSS_Transmit_Blocking
343100,12032,8436,363568,58c30,SX126x_LR_FHSS_Transmit_Interrupt
343704,12032,8432,364168,58e88,SX126x_PingPong
343732,12032,8428,364192,58ea0,SX126x_Receive_Blocking
343796,12032,8428,364256,58ee0,SX126x_Receive_Interrupt
343924,12032,8876,364832,59120,SX126x_Settings
344572,12032,8428,365032,591e8,SX126x_Spectrum_Scan
345348,12032,8428,365808,594f0,SX126x_Spectrum_Scan_Frequency
343744,12032,8432,364208,58eb0,SX126x_Transmit_Blocking
343100,12032,8436,363568,58c30,SX126x_Transmit_Interrupt
339776,12032,8360,360168,57ee8,SX127x_Channel_Activity_Detection_Blocking
339944,12032,8360,360336,57f90,SX127x_Channel_Activity_Detection_Interrupt
341368,12032,8360,361760,58520,SX127x_Channel_Activity_Detection_Receive
341168,12032,8360,361560,58458,SX127x_FSK_Modem
340844,12032,8364,361240,58318,SX127x_PingPong
340976,12032,8360,361368,58398,SX127x_Receive_Blocking
339960,12032,8360,360352,57fa0,SX127x_Receive_Direct
340588,12032,8364,360984,58218,SX127x_Receive_FHSS
341080,12032,8360,361472,58400,SX127x_Receive_Interrupt
343428,12032,8740,364200,58ea8,SX127x_Settings
340884,12032,8364,361280,58340,SX127x_Transmit_Blocking
341232,12032,8384,361648,584b0,SX127x_Transmit_FHSS
340520,12032,8368,360920,581d8,SX127x_Transmit_Interrupt
334996,12032,8364,355392,56c40,SX128x_BLE_Modem
334012,12032,8364,354408,56868,SX128x_Channel_Activity_Detection_Blocking
334188,12032,8364,354584,56918,SX128x_Channel_Activity_Detection_Interrupt
335020,12032,8364,355416,56c58,SX128x_FLRC_Modem
334724,12032,8364,355120,56b30,SX128x_GFSK_Modem
335628,12032,8364,356024,56eb8,SX128x_Ranging
335372,12032,8364,355768,56db8,SX128x_Receive_Blocking
335452,12032,8364,355848,56e08,SX128x_Receive_Interrupt
334540,12032,8748,355320,56bf8,SX128x_Settings
334592,12032,8368,354992,56ab0,SX128x_Transmit_Blocking
334740,12032,8372,355144,56b48,SX128x_Transmit_Interrupt
332552,12032,8336,352920,56298,Si443x_Receive_Blocking
332624,12032,8336,352992,562e0,Si443x_Receive_Interrupt
332668,12032,8692,353392,56470,Si443x_Settings
332876,12032,8340,353248,563e0,Si443x_Transmit_Blocking
333000,12032,8344,353376,56460,Si443x_Transmit_Interrupt
339540,12032,8876,360448,58000,Stream_Receive
340592,12032,8384,361008,58230,Stream_Transmit
329324,12032,8324,349680,555f0,nRF24_Receive_Blocking
329404,12032,8324,349760,55640,nRF24_Receive_Interrupt
329648,12032,8328,350008,55738,nRF24_Transmit_Blocking
329740,12032,8332,350104,55798,nRF24_Transmit_Interrupt
