text,data,bss,dec,hex,filename
106224,4312,257832,368368,59ef0,AFSK_Imperial_March
106104,3624,258520,368248,59e78,AFSK_Tone
106200,3624,258520,368344,59ed8,AFSK_Tone_AM
109896,3624,258520,372040,5ad48,APRS_MicE
109704,3624,258520,371848,5ac88,APRS_Position
109528,3624,258520,371672,5abd8,APRS_Position_LoRa
107824,3624,258520,369968,5a530,AX25_Frames
107472,3624,258520,369616,5a3d0,AX25_Transmit
108024,3624,258520,370168,5a5f8,AX25_Transmit_AFSK
108840,3624,258520,370984,5a928,BellModem_Transmit
99456,3624,258520,361600,58480,CC1101_Receive_Address
99368,3624,258520,361512,58428,CC1101_Receive_Blocking
99432,3624,258520,361576,58468,CC1101_Receive_Interrupt
98936,3624,258520,361080,58278,CC1101_Settings
98488,3624,258520,360632,580b8,CC1101_Transmit_Address
98904,3624,258520,361048,58258,CC1101_Transmit_Blocking
99032,3624,258520,361176,582d8,CC1101_Transmit_Interrupt
106760,3680,258464,368904,5a108,FSK4_Transmit
106760,3680,258464,368904,5a108,FSK4_Transmit_AFSK
109072,3624,258520,371216,5aa10,Hellschreiber_Transmit
109152,3624,258520,371296,5aa60,Hellschreiber_Transmit_AFSK
104480,3624,258520,366624,59820,LR11x0_Channel_Activity_Detection_Blocking
104648,3624,258520,366792,598c8,LR11x0_Channel_Activity_Detection_Interrupt
350160,3624,258520,612304,957d0,LR11x0_Firmware_Update
105336,3624,258520,367480,59b78,LR11x0_GFSK_Modem
106360,3624,258520,368504,59f78,LR11x0_GNSS_Almanac_Update
106504,3624,258520,368648,5a008,LR11x0_GNSS_Autonomous_Position
105936,3624,258520,368080,59dd0,LR11x0_GNSS_Satellites
104200,3624,258520,366344,59708,LR11x0_LR_FHSS_Modem
105696,3624,258520,367840,59ce0,LR11x0_PingPong
105440,3624,258520,367584,59be0,LR11x0_Receive_Blocking
105504,3624,258520,367648,59c20,LR11x0_Receive_Interrupt
105592,3624,258520,367736,59c78,LR11x0_Transmit_Blocking
105232,3624,258520,367376,59b10,LR11x0_Transmit_Interrupt
106592,3624,258520,368736,5a060,LR11x0_WiFi_Scan_Blocking
106640,3624,258520,368784,5a090,LR11x0_WiFi_Scan_Interrupt
123880,3624,258520,386024,5e3e8,LoRaWAN_ABP
127040,3624,258520,389184,5f040,LoRaWAN_Class_C
127144,3624,258520,389288,5f0a8,LoRaWAN_Multicast
125840,3624,258520,387984,5eb90,LoRaWAN_Reference
123832,3624,258520,385976,5e3b8,LoRaWAN_Starter
125192,3632,258512,387336,5e908,LoRaWAN_TS_Packages
107248,3624,258520,369392,5a2f0,Morse_Receive_AM
109000,3624,258520,371144,5a9c8,Morse_Transmit_AM
108904,3624,258520,371048,5a968,Morse_Transmit_FM
108840,3624,258520,370984,5a928,Morse_Transmit_SSB
108608,3632,258512,370752,5a840,Pager_Receive
108512,3624,258520,370656,5a7e0,Pager_Transmit
107344,3632,258512,369488,5a350,PhysicalLayer_Interface
98144,3624,258520,360288,57f60,RF69_Receive_AES
98392,3624,258520,360536,58058,RF69_Receive_Address
98608,3624,258520,360752,58130,RF69_Receive_Blocking
98672,3624,258520,360816,58170,RF69_Receive_Interrupt
98648,3624,258520,360792,58158,RF69_Settings
97736,3624,258520,359880,57dc8,RF69_Transmit_AES
97984,3624,258520,360128,57ec0,RF69_Transmit_Address
98232,3624,258520,360376,57fb8,RF69_Transmit_Blocking
98360,3624,258520,360504,58038,RF69_Transmit_Interrupt
109056,3624,258520,371200,5aa00,RTTY_Transmit
109056,3624,258520,371200,5aa00,RTTY_Transmit_AFSK
107608,4904,257240,369752,5a458,SSTV_Transmit
107672,4904,257240,369816,5a498,SSTV_Transmit_AFSK
98224,3624,258520,360368,57fb0,SX123x_Receive_Blocking
98392,3624,258520,360536,58058,SX123x_Transmit_Blocking
107744,3624,258520,369888,5a4e0,SX126x_Channel_Activity_Detection_Blocking
107976,3624,258520,370120,5a5c8,SX126x_Channel_Activity_Detection_Interrupt
109472,3624,258520,371616,5aba0,SX126x_Channel_Activity_Detection_Receive
108760,3624,258520,370904,5a8d8,SX126x_FSK_Modem
108920,3624,258520,371064,5a978,SX126x_LR_FHSS_Transmit_Blocking
108488,3624,258520,370632,5a7c8,SX126x_LR_FHSS_Transmit_Interrupt
109016,3624,258520,371160,5a9d8,SX126x_PingPong
109112,3624,258520,371256,5aa38,SX126x_Receive_Blocking
109176,3624,258520,371320,5aa78,SX126x_Receive_Interrupt
109616,3624,258520,371760,5ac30,SX126x_Settings
109896,3624,258520,372040,5ad48,SX126x_Spectrum_Scan
110488,3624,258520,372632,5af98,SX126x_Spectrum_Scan_Frequency
108920,3624,258520,371064,5a978,SX126x_Transmit_Blocking
108488,3624,258520,370632,5a7c8,SX126x_Transmit_Interrupt
105880,3624,258520,368024,59d98,SX127x_Channel_Activity_Detection_Blocking
106016,3624,258520,368160,59e20,SX127x_Channel_Activity_Detection_Interrupt
107688,3624,258520,369832,5a4a8,SX127x_Channel_Activity_Detection_Receive
107384,3624,258520,369528,5a378,SX127x_FSK_Modem
107088,3624,258520,369232,5a250,SX127x_PingPong
107312,3624,258520,369456,5a330,SX127x_Receive_Blocking
106024,3624,258520,368168,59e28,SX127x_Receive_Direct
106848,3656,258488,368992,5a160,SX127x_Receive_FHSS
107408,3624,258520,369552,5a390,SX127x_Receive_Interrupt
109712,3624,258520,371856,5ac90,SX127x_Settings
106984,3624,258520,369128,5a1e8,SX127x_Transmit_Blocking
107400,3656,258488,369544,5a388,SX127x_Transmit_FHSS
106624,3624,258520,368768,5a080,SX127x_Transmit_Interrupt
100680,3624,258520,362824,58948,SX128x_BLE_Modem
99544,3624,258520,361688,584d8,SX128x_Channel_Activity_Detection_Blocking
99712,3624,258520,361856,58580,SX128x_Channel_Activity_Detection_Interrupt
100688,3624,258520,362832,58950,SX128x_FLRC_Modem
100432,3624,258520,362576,58850,SX128x_GFSK_Modem
101240,3624,258520,363384,58b78,SX128x_Ranging
101104,3624,258520,363248,58af0,SX128x_Receive_Blocking
101232,3624,258520,363376,58b70,SX128x_Receive_Interrupt
100440,3624,258520,362584,58858,SX128x_Settings
100160,3624,258520,362304,58740,SX128x_Transmit_Blocking
100288,3624,258520,362432,587c0,SX128x_Transmit_Interrupt
99120,3624,258520,361264,58330,Si443x_Receive_Blocking
99192,3624,258520,361336,58378,Si443x_Receive_Interrupt
99368,3624,258520,361512,58428,Si443x_Settings
99304,3624,258520,361448,583e8,Si443x_Transmit_Blocking
99416,3624,258520,361560,58458,Si443x_Transmit_Interrupt
106192,3624,258520,368336,59ed0,Stream_Receive
106928,3624,258520,369072,5a1b0,Stream_Transmit
95928,3624,258520,358072,576b8,nRF24_Receive_Blocking
96016,3624,258520,358160,57710,nRF24_Receive_Interrupt
96120,3624,258520,358264,57778,nRF24_Transmit_Blocking
96224,3624,258520,358368,577e0,nRF24_Transmit_Interrupt
