text,data,bss,dec,hex,filename
53608,1220,48444,103272,19368,AFSK_Imperial_March
53448,532,49132,103112,192c8,AFSK_Tone
53544,532,49132,103208,19328,AFSK_Tone_AM
59372,532,49132,109036,1a9ec,APRS_MicE
59068,532,49132,108732,1a8bc,APRS_Position
59004,532,49132,108668,1a87c,APRS_Position_LoRa
55608,532,49132,105272,19b38,AX25_Frames
55176,532,49132,104840,19988,AX25_Transmit
55728,532,49132,105392,19bb0,AX25_Transmit_AFSK
56648,532,49132,106312,19f48,BellModem_Transmit
44548,532,49132,94212,17004,CC1101_Receive_Address
44420,532,49132,94084,16f84,CC1101_Receive_Blocking
44436,532,49132,94100,16f94,CC1101_Receive_Interrupt
42640,532,49132,92304,16890,CC1101_Settings
42016,532,49132,91680,16620,CC1101_Transmit_Address
42528,532,49132,92192,16820,CC1101_Transmit_Blocking
42864,532,49132,92528,16970,CC1101_Transmit_Interrupt
54120,584,49080,103784,19568,FSK4_Transmit
54152,584,49080,103816,19588,FSK4_Transmit_AFSK
56944,532,49132,106608,1a070,Hellschreiber_Transmit
57024,532,49132,106688,1a0c0,Hellschreiber_Transmit_AFSK
47424,532,49132,97088,17b40,LR11x0_Channel_Activity_Detection_Blocking
47632,532,49132,97296,17c10,LR11x0_Channel_Activity_Detection_Interrupt
48496,532,49132,98160,17f70,LR11x0_GFSK_Modem
49488,532,49132,99152,18350,LR11x0_GNSS_Almanac_Update
51156,532,49132,100820,189d4,LR11x0_GNSS_Autonomous_Position
49152,532,49132,98816,18200,LR11x0_GNSS_Satellites
47344,532,49132,97008,17af0,LR11x0_LR_FHSS_Modem
50308,532,49132,99972,18684,LR11x0_PingPong
49956,532,49132,99620,18524,LR11x0_Receive_Blocking
50004,532,49132,99668,18554,LR11x0_Receive_Interrupt
50052,532,49132,99716,18584,LR11x0_Transmit_Blocking
48480,532,49132,98144,17f60,LR11x0_Transmit_Interrupt
51236,532,49132,100900,18a24,LR11x0_WiFi_Scan_Blocking
51348,532,49132,101012,18a94,LR11x0_WiFi_Scan_Interrupt
83736,532,49132,133400,20918,LoRaWAN_ABP
88052,532,49132,137716,219f4,LoRaWAN_Class_C
87924,532,49132,137588,21974,LoRaWAN_Multicast
89580,532,49132,139244,21fec,LoRaWAN_Reference
83624,532,49132,133288,208a8,LoRaWAN_Starter
87308,540,49124,136972,2170c,LoRaWAN_TS_Packages
54704,532,49132,104368,197b0,Morse_Receive_AM
56856,532,49132,106520,1a018,Morse_Transmit_AM
56776,532,49132,106440,19fc8,Morse_Transmit_FM
56728,532,49132,106392,19f98,Morse_Transmit_SSB
56296,536,49128,105960,19de8,Pager_Receive
56408,532,49132,106072,19e58,Pager_Transmit
56348,536,49128,106012,19e1c,PhysicalLayer_Interface
41800,532,49132,91464,16548,RF69_Receive_AES
42040,532,49132,91704,16638,RF69_Receive_Address
43628,532,49132,93292,16c6c,RF69_Receive_Blocking
43660,532,49132,93324,16c8c,RF69_Receive_Interrupt
42744,532,49132,92408,168f8,RF69_Settings
41320,532,49132,90984,16368,RF69_Transmit_AES
41544,532,49132,91208,16448,RF69_Transmit_Address
41896,532,49132,91560,165a8,RF69_Transmit_Blocking
42232,532,49132,91896,166f8,RF69_Transmit_Interrupt
56920,532,49132,106584,1a058,RTTY_Transmit
56936,532,49132,106600,1a068,RTTY_Transmit_AFSK
55408,1812,47852,105072,19a70,SSTV_Transmit
55408,1812,47852,105072,19a70,SSTV_Transmit_AFSK
41976,532,49132,91640,165f8,SX123x_Receive_Blocking
42152,532,49132,91816,166a8,SX123x_Transmit_Blocking
54328,532,49132,103992,19638,SX126x_Channel_Activity_Detection_Blocking
54488,532,49132,104152,196d8,SX126x_Channel_Activity_Detection_Interrupt
57524,532,49132,107188,1a2b4,SX126x_Channel_Activity_Detection_Receive
55592,532,49132,105256,19b28,SX126x_FSK_Modem
56932,532,49132,106596,1a064,SX126x_LR_FHSS_Transmit_Blocking
55400,532,49132,105064,19a68,SX126x_LR_FHSS_Transmit_Interrupt
57156,532,49132,106820,1a144,SX126x_PingPong
57220,532,49132,106884,1a184,SX126x_Receive_Blocking
57236,532,49132,106900,1a194,SX126x_Receive_Interrupt
56632,532,49132,106296,19f38,SX126x_Settings
56872,532,49132,106536,1a028,SX126x_Spectrum_Scan
58900,532,49132,108564,1a814,SX126x_Spectrum_Scan_Frequency
56948,532,49132,106612,1a074,SX126x_Transmit_Blocking
55400,532,49132,105064,19a68,SX126x_Transmit_Interrupt
53240,532,49132,102904,191f8,SX127x_Channel_Activity_Detection_Blocking
53480,532,49132,103144,192e8,SX127x_Channel_Activity_Detection_Interrupt
56620,532,49132,106284,19f2c,SX127x_Channel_Activity_Detection_Receive
55368,532,49132,105032,19a48,SX127x_FSK_Modem
56124,532,49132,105788,19d3c,SX127x_PingPong
56172,532,49132,105836,19d6c,SX127x_Receive_Blocking
53592,532,49132,103256,19358,SX127x_Receive_Direct
54392,560,49104,104056,19678,SX127x_Receive_FHSS
56236,532,49132,105900,19dac,SX127x_Receive_Interrupt
58632,532,49132,108296,1a708,SX127x_Settings
55884,532,49132,105548,19c4c,SX127x_Transmit_Blocking
55048,560,49104,104712,19908,SX127x_Transmit_FHSS
54312,532,49132,103976,19628,SX127x_Transmit_Interrupt
45536,532,49132,95200,173e0,SX128x_BLE_Modem
44880,532,49132,94544,17150,SX128x_Channel_Activity_Detection_Blocking
45088,532,49132,94752,17220,SX128x_Channel_Activity_Detection_Interrupt
45520,532,49132,95184,173d0,SX128x_FLRC_Modem
44928,532,49132,94592,17180,SX128x_GFSK_Modem
48212,532,49132,97876,17e54,SX128x_Ranging
47756,532,49132,97420,17c8c,SX128x_Receive_Blocking
47772,532,49132,97436,17c9c,SX128x_Receive_Interrupt
45904,532,49132,95568,17550,SX128x_Settings
45600,532,49132,95264,17420,SX128x_Transmit_Blocking
45936,532,49132,95600,17570,SX128x_Transmit_Interrupt
42680,532,49132,92344,168b8,Si443x_Receive_Blocking
42696,532,49132,92360,168c8,Si443x_Receive_Interrupt
42872,532,49132,92536,16978,Si443x_Settings
42920,532,49132,92584,169a8,Si443x_Transmit_Blocking
43224,532,49132,92888,16ad8,Si443x_Transmit_Interrupt
53768,532,49132,103432,19408,Stream_Receive
54328,532,49132,103992,19638,Stream_Transmit
37832,532,49132,87496,155c8,nRF24_Receive_Blocking
37880,532,49132,87544,155f8,nRF24_Receive_Interrupt
38072,532,49132,87736,156b8,nRF24_Transmit_Blocking
38328,532,49132,87992,157b8,nRF24_Transmit_Interrupt
