text,data,bss,dec,hex,filename
35160,872,787,36819,8fd3,AFSK_Imperial_March
34968,528,787,36283,8dbb,AFSK_Tone
35100,528,787,36415,8e3f,AFSK_Tone_AM
42478,592,822,43892,ab74,APRS_MicE
41944,684,822,43450,a9ba,APRS_Position
41752,652,800,43204,a8c4,APRS_Position_LoRa
37710,588,797,39095,98b7,AX25_Frames
37270,552,797,38619,96db,AX25_Transmit
38286,580,803,39669,9af5,AX25_Transmit_AFSK
39444,608,810,40862,9f9e,BellModem_Transmit
25036,482,771,26289,66b1,CC1101_Receive_Address
24844,482,771,26097,65f1,CC1101_Receive_Blocking
24944,482,772,26198,6656,CC1101_Receive_Interrupt
23714,470,1115,25299,62d3,CC1101_Settings
23096,484,771,24351,5f1f,CC1101_Transmit_Address
24182,486,773,25441,6361,CC1101_Transmit_Blocking
24304,498,776,25578,63ea,CC1101_Transmit_Interrupt
36246,576,837,37659,931b,FSK4_Transmit
36288,576,843,37707,934b,FSK4_Transmit_AFSK
39652,584,803,41039,a04f,Hellschreiber_Transmit
39732,600,809,41141,a0b5,Hellschreiber_Transmit_AFSK
32918,738,809,34465,86a1,LR11x0_Channel_Activity_Detection_Blocking
33200,738,810,34748,87bc,LR11x0_Channel_Activity_Detection_Interrupt
34832,572,809,36213,8d75,LR11x0_GFSK_Modem
36186,738,874,37798,93a6,LR11x0_GNSS_Almanac_Update
36016,756,824,37596,92dc,LR11x0_GNSS_Autonomous_Position
35336,748,813,36897,9021,LR11x0_GNSS_Satellites
32606,568,809,33983,84bf,LR11x0_LR_FHSS_Modem
35086,764,813,36663,8f37,LR11x0_PingPong
34836,750,809,36395,8e2b,LR11x0_Receive_Blocking
34928,750,810,36488,8e88,LR11x0_Receive_Interrupt
34852,766,811,36429,8e4d,LR11x0_Transmit_Blocking
34346,766,814,35926,8c56,LR11x0_Transmit_Interrupt
37090,772,809,38671,970f,LR11x0_WiFi_Scan_Blocking
37146,772,810,38728,9748,LR11x0_WiFi_Scan_Interrupt
64622,1920,2114,68656,10c30,LoRaWAN_ABP
70866,2188,2182,75236,125e4,LoRaWAN_Class_C
71146,2186,2188,75520,12700,LoRaWAN_Multicast
67526,1952,2124,71602,117b2,LoRaWAN_Reference
64646,1920,2124,68690,10c52,LoRaWAN_Starter
69300,1248,2639,73187,11de3,LoRaWAN_TS_Packages
37324,538,840,38702,972e,Morse_Receive_AM
39744,578,838,41160,a0c8,Morse_Transmit_AM
39610,578,838,41026,a042,Morse_Transmit_FM
39568,578,832,40978,a012,Morse_Transmit_SSB
41574,538,820,42932,a7b4,Pager_Receive
41358,558,820,42736,a6f0,Pager_Transmit
37384,554,781,38719,973f,PhysicalLayer_Interface
23454,414,774,24642,6042,RF69_Receive_AES
23766,398,774,24938,616a,RF69_Receive_Address
23854,410,774,25038,61ce,RF69_Receive_Blocking
23952,410,775,25137,6231,RF69_Receive_Interrupt
23434,406,1121,24961,6181,RF69_Settings
22184,428,774,23386,5b5a,RF69_Transmit_AES
22498,412,774,23684,5c84,RF69_Transmit_Address
23316,414,776,24506,5fba,RF69_Transmit_Blocking
23436,426,779,24641,6041,RF69_Transmit_Interrupt
39926,576,811,41313,a161,RTTY_Transmit
39968,576,817,41361,a191,RTTY_Transmit_AFSK
37204,1888,873,39965,9c1d,SSTV_Transmit
37252,1888,879,40019,9c53,SSTV_Transmit_AFSK
23104,508,775,24387,5f43,SX123x_Receive_Blocking
23076,524,777,24377,5f39,SX123x_Transmit_Blocking
39064,770,835,40669,9edd,SX126x_Channel_Activity_Detection_Blocking
39346,770,836,40952,9ff8,SX126x_Channel_Activity_Detection_Interrupt
41906,782,837,43525,aa05,SX126x_Channel_Activity_Detection_Receive
41024,792,835,42651,a69b,SX126x_FSK_Modem
40962,798,837,42597,a665,SX126x_LR_FHSS_Transmit_Blocking
40484,798,840,42122,a48a,SX126x_LR_FHSS_Transmit_Interrupt
41232,796,839,42867,a773,SX126x_PingPong
41392,782,835,43009,a801,SX126x_Receive_Blocking
41484,782,836,43102,a85e,SX126x_Receive_Interrupt
41534,896,1243,43673,aa99,SX126x_Settings
41838,782,835,43455,a9bf,SX126x_Spectrum_Scan
42450,800,835,44085,ac35,SX126x_Spectrum_Scan_Frequency
40990,798,837,42625,a681,SX126x_Transmit_Blocking
40492,798,840,42130,a492,SX126x_Transmit_Interrupt
34486,528,781,35795,8bd3,SX127x_Channel_Activity_Detection_Blocking
34790,528,783,36101,8d05,SX127x_Channel_Activity_Detection_Interrupt
37606,540,784,38930,9812,SX127x_Channel_Activity_Detection_Receive
37130,548,781,38459,963b,SX127x_FSK_Modem
36714,552,785,38051,94a3,SX127x_PingPong
37114,540,781,38435,9623,SX127x_Receive_Blocking
34792,568,781,36141,8d2d,SX127x_Receive_Direct
36514,554,785,37853,93dd,SX127x_Receive_FHSS
37220,540,782,38542,968e,SX127x_Receive_Interrupt
39708,646,1135,41489,a211,SX127x_Settings
36466,554,783,37803,93ab,SX127x_Transmit_Blocking
36738,774,795,38307,95a3,SX127x_Transmit_FHSS
35966,556,786,37308,91bc,SX127x_Transmit_Interrupt
26966,648,788,28402,6ef2,SX128x_BLE_Modem
24554,634,788,25976,6578,SX128x_Channel_Activity_Detection_Blocking
24836,634,789,26259,6693,SX128x_Channel_Activity_Detection_Interrupt
26836,652,788,28276,6e74,SX128x_FLRC_Modem
26292,652,788,27732,6c54,SX128x_GFSK_Modem
27198,682,788,28668,6ffc,SX128x_Ranging
27522,646,788,28956,711c,SX128x_Receive_Blocking
27622,646,789,29057,7181,SX128x_Receive_Interrupt
25682,634,1149,27465,6b49,SX128x_Settings
25860,650,790,27300,6aa4,SX128x_Transmit_Blocking
25982,662,793,27437,6b2d,SX128x_Transmit_Interrupt
25134,508,769,26411,672b,Si443x_Receive_Blocking
25232,508,770,26510,678e,Si443x_Receive_Interrupt
24794,512,1111,26417,6731,Si443x_Settings
25186,524,771,26481,6771,Si443x_Transmit_Blocking
25284,536,774,26594,67e2,Si443x_Transmit_Interrupt
34974,528,1297,36799,8fbf,Stream_Receive
35654,1040,795,37489,9271,Stream_Transmit
18906,404,758,20068,4e64,nRF24_Receive_Blocking
19002,404,759,20165,4ec5,nRF24_Receive_Interrupt
18962,418,760,20140,4eac,nRF24_Transmit_Blocking
19032,432,763,20227,4f03,nRF24_Transmit_Interrupt
