text,data,bss,dec,hex,filename
288455,2240,26648,317343,4d79f,AFSK_Imperial_March
288287,1552,26648,316487,4d447,AFSK_Tone
288383,1552,26648,316583,4d4a7,AFSK_Tone_AM
293447,1552,26696,321695,4e89f,APRS_MicE
293035,1552,26704,321291,4e70b,APRS_Position
292939,1552,26664,321155,4e683,APRS_Position_LoRa
290395,1552,26656,318603,4dc8b,AX25_Frames
289975,1552,26656,318183,4dae7,AX25_Transmit
290651,1552,26664,318867,4dd93,AX25_Transmit_AFSK
291943,1552,26672,320167,4e2a7,BellModem_Transmit
281887,1552,26616,310055,4bb27,CC1101_Receive_Address
281719,1552,26616,309887,4ba7f,CC1101_Receive_Blocking
281823,1552,26616,309991,4bae7,CC1101_Receive_Interrupt
280515,1552,26976,309043,4b733,CC1101_Settings
280047,1552,26616,308215,4b3f7,CC1101_Transmit_Address
280667,1552,26616,308835,4b663,CC1101_Transmit_Blocking
280835,1552,26624,309011,4b713,CC1101_Transmit_Interrupt
289103,1604,26696,317403,4d7db,FSK4_Transmit
289119,1604,26704,317427,4d7f3,FSK4_Transmit_AFSK
292155,1552,26664,320371,4e373,Hellschreiber_Transmit
292235,1552,26672,320459,4e3cb,Hellschreiber_Transmit_AFSK
286455,1552,26656,314663,4cd27,LR11x0_Channel_Activity_Detection_Blocking
286707,1552,26664,314923,4ce2b,LR11x0_Channel_Activity_Detection_Interrupt
287543,1552,26656,315751,4d167,LR11x0_GFSK_Modem
288727,1552,26736,317015,4d657,LR11x0_GNSS_Almanac_Update
289439,1552,26680,317671,4d8e7,LR11x0_GNSS_Autonomous_Position
288175,1552,26672,316399,4d3ef,LR11x0_GNSS_Satellites
286215,1552,26664,314431,4cc3f,LR11x0_LR_FHSS_Modem
288599,1552,26664,316815,4d58f,LR11x0_PingPong
288299,1552,26656,316507,4d45b,LR11x0_Receive_Blocking
288403,1552,26664,316619,4d4cb,LR11x0_Receive_Interrupt
288519,1552,26664,316735,4d53f,LR11x0_Transmit_Blocking
287459,1552,26680,315691,4d12b,LR11x0_Transmit_Interrupt
289515,1552,26656,317723,4d91b,LR11x0_WiFi_Scan_Blocking
289603,1552,26664,317819,4d97b,LR11x0_WiFi_Scan_Interrupt
308611,1552,28144,338307,52983,LoRaWAN_ABP
313407,1552,28240,343199,53c9f,LoRaWAN_Class_C
313523,1552,28248,343323,53d1b,LoRaWAN_Multicast
311503,1552,28160,341215,534df,LoRaWAN_Reference
308511,1552,28160,338223,5292f,LoRaWAN_Starter
310931,1560,28672,341163,534ab,LoRaWAN_TS_Packages
289807,1552,26712,318071,4da77,Morse_Receive_AM
292131,1552,26704,320387,4e383,Morse_Transmit_AM
292019,1552,26704,320275,4e313,Morse_Transmit_FM
291987,1552,26696,320235,4e2eb,Morse_Transmit_SSB
291239,1556,26680,319475,4dff3,Pager_Receive
291263,1552,26680,319495,4e007,Pager_Transmit
290335,1556,26632,318523,4dc3b,PhysicalLayer_Interface
279415,1552,26616,307583,4b17f,RF69_Receive_AES
279699,1552,26616,307867,4b29b,RF69_Receive_Address
280463,1552,26616,308631,4b597,RF69_Receive_Blocking
280575,1552,26624,308751,4b60f,RF69_Receive_Interrupt
279871,1552,26992,308415,4b4bf,RF69_Settings
278839,1552,26616,307007,4af3f,RF69_Transmit_AES
279107,1552,26616,307275,4b04b,RF69_Transmit_Address
279543,1552,26624,307719,4b207,RF69_Transmit_Blocking
279711,1552,26632,307895,4b2b7,RF69_Transmit_Interrupt
292259,1552,26672,320483,4e3e3,RTTY_Transmit
292291,1552,26680,320523,4e40b,RTTY_Transmit_AFSK
290115,2832,26768,319715,4e0e3,SSTV_Transmit
290147,2832,26776,319755,4e10b,SSTV_Transmit_AFSK
279451,1552,26624,307627,4b1ab,SX123x_Receive_Blocking
279675,1552,26624,307851,4b28b,SX123x_Transmit_Blocking
290687,1552,26712,318951,4dde7,SX126x_Channel_Activity_Detection_Blocking
290955,1552,26712,319219,4def3,SX126x_Channel_Activity_Detection_Interrupt
293331,1552,26712,321595,4e83b,SX126x_Channel_Activity_Detection_Receive
291923,1552,26704,320179,4e2b3,SX126x_FSK_Modem
292735,1552,26712,320999,4e5e7,SX126x_LR_FHSS_Transmit_Blocking
291739,1552,26720,320011,4e20b,SX126x_LR_FHSS_Transmit_Interrupt
292843,1552,26720,321115,4e65b,SX126x_PingPong
292867,1552,26712,321131,4e66b,SX126x_Receive_Blocking
292971,1552,26712,321235,4e6d3,SX126x_Receive_Interrupt
292731,1552,27152,321435,4e79b,SX126x_Settings
293043,1552,26712,321307,4e71b,SX126x_Spectrum_Scan
294295,1552,26712,322559,4ebff,SX126x_Spectrum_Scan_Frequency
292751,1552,26712,321015,4e5f7,SX126x_Transmit_Blocking
291707,1552,26720,319979,4e1eb,SX126x_Transmit_Interrupt
287999,1552,26640,316191,4d31f,SX127x_Channel_Activity_Detection_Blocking
288239,1552,26640,316431,4d40f,SX127x_Channel_Activity_Detection_Interrupt
290823,1552,26640,319015,4de27,SX127x_Channel_Activity_Detection_Receive
289779,1552,26640,317971,4da13,SX127x_FSK_Modem
290151,1552,26640,318343,4db87,SX127x_PingPong
290307,1552,26640,318499,4dc23,SX127x_Receive_Blocking
288235,1552,26632,316419,4d403,SX127x_Receive_Direct
289275,1580,26648,317503,4d83f,SX127x_Receive_FHSS
290455,1552,26640,318647,4dcb7,SX127x_Receive_Interrupt
292359,1552,27016,320927,4e59f,SX127x_Settings
290083,1552,26632,318267,4db3b,SX127x_Transmit_Blocking
289979,1580,26656,318215,4db07,SX127x_Transmit_FHSS
289031,1552,26640,317223,4d727,SX127x_Transmit_Interrupt
282355,1552,26632,310539,4bd0b,SX128x_BLE_Modem
280935,1552,26632,309119,4b77f,SX128x_Channel_Activity_Detection_Blocking
281203,1552,26640,309395,4b893,SX128x_Channel_Activity_Detection_Interrupt
282323,1552,26632,310507,4bceb,SX128x_FLRC_Modem
282023,1552,26632,310207,4bbbf,SX128x_GFSK_Modem
283515,1552,26632,311699,4c193,SX128x_Ranging
283499,1552,26632,311683,4c183,SX128x_Receive_Blocking
283603,1552,26640,311795,4c1f3,SX128x_Receive_Interrupt
281939,1552,27016,310507,4bceb,SX128x_Settings
281787,1552,26640,309979,4badb,SX128x_Transmit_Blocking
281955,1552,26648,310155,4bb8b,SX128x_Transmit_Interrupt
280619,1552,26608,308779,4b62b,Si443x_Receive_Blocking
280755,1552,26616,308923,4b6bb,Si443x_Receive_Interrupt
280767,1552,26968,309287,4b827,Si443x_Settings
280899,1552,26616,309067,4b74b,Si443x_Transmit_Blocking
281027,1552,26624,309203,4b7d3,Si443x_Transmit_Interrupt
288419,1552,27160,317131,4d6cb,Stream_Receive
289091,1552,26656,317299,4d773,Stream_Transmit
276863,1552,26608,305023,4a77f,nRF24_Receive_Blocking
277003,1552,26608,305163,4a80b,nRF24_Receive_Interrupt
277143,1552,26608,305303,4a897,nRF24_Transmit_Blocking
277239,1552,26608,305399,4a8f7,nRF24_Transmit_Interrupt
