text,data,bss,dec,hex,filename
35590,896,791,37277,919d,AFSK_Imperial_March
35398,552,791,36741,8f85,AFSK_Tone
35530,552,791,36873,9009,AFSK_Tone_AM
42908,616,826,44350,ad3e,APRS_MicE
42374,708,826,43908,ab84,APRS_Position
42182,676,804,43662,aa8e,APRS_Position_LoRa
38140,612,801,39553,9a81,AX25_Frames
37700,576,801,39077,98a5,AX25_Transmit
38716,604,807,40127,9cbf,AX25_Transmit_AFSK
39874,632,814,41320,a168,BellModem_Transmit
25242,498,771,26511,678f,CC1101_Receive_Address
25050,498,771,26319,66cf,CC1101_Receive_Blocking
25126,498,772,26396,671c,CC1101_Receive_Interrupt
23896,486,1115,25497,6399,CC1101_Settings
23278,500,771,24549,5fe5,CC1101_Transmit_Address
24364,502,773,25639,6427,CC1101_Transmit_Blocking
24486,514,776,25776,64b0,CC1101_Transmit_Interrupt
36676,600,841,38117,94e5,FSK4_Transmit
36718,600,847,38165,9515,FSK4_Transmit_AFSK
40082,608,807,41497,a219,Hellschreiber_Transmit
40162,624,813,41599,a27f,Hellschreiber_Transmit_AFSK
34160,762,809,35731,8b93,LR11x0_Channel_Activity_Detection_Blocking
34442,762,810,36014,8cae,LR11x0_Channel_Activity_Detection_Interrupt
35938,596,809,37343,91df,LR11x0_GFSK_Modem
37428,762,874,39064,9898,LR11x0_GNSS_Almanac_Update
37258,780,824,38862,97ce,LR11x0_GNSS_Autonomous_Position
36578,772,813,38163,9513,LR11x0_GNSS_Satellites
33848,592,809,35249,89b1,LR11x0_LR_FHSS_Modem
36328,788,813,37929,9429,LR11x0_PingPong
36102,774,809,37685,9335,LR11x0_Receive_Blocking
36170,774,810,37754,937a,LR11x0_Receive_Interrupt
36094,790,811,37695,933f,LR11x0_Transmit_Blocking
35588,790,814,37192,9148,LR11x0_Transmit_Interrupt
38332,796,809,39937,9c01,LR11x0_WiFi_Scan_Blocking
38388,796,810,39994,9c3a,LR11x0_WiFi_Scan_Interrupt
65394,2098,2278,69770,1108a,LoRaWAN_ABP
73062,2364,2342,77768,12fc8,LoRaWAN_Class_C
73352,2362,2348,78062,130ee,LoRaWAN_Multicast
68542,2130,2288,72960,11d00,LoRaWAN_Reference
65462,2098,2288,69848,110d8,LoRaWAN_Starter
70282,1428,2803,74513,12311,LoRaWAN_TS_Packages
37754,562,844,39160,98f8,Morse_Receive_AM
40174,602,842,41618,a292,Morse_Transmit_AM
40040,602,842,41484,a20c,Morse_Transmit_FM
39998,602,836,41436,a1dc,Morse_Transmit_SSB
42004,562,824,43390,a97e,Pager_Receive
41826,582,824,43232,a8e0,Pager_Transmit
37838,578,785,39201,9921,PhysicalLayer_Interface
23570,430,774,24774,60c6,RF69_Receive_AES
23882,414,774,25070,61ee,RF69_Receive_Address
23970,426,774,25170,6252,RF69_Receive_Blocking
24044,426,775,25245,629d,RF69_Receive_Interrupt
23526,422,1121,25069,61ed,RF69_Settings
22276,444,774,23494,5bc6,RF69_Transmit_AES
22590,428,774,23792,5cf0,RF69_Transmit_Address
23408,430,776,24614,6026,RF69_Transmit_Blocking
23528,442,779,24749,60ad,RF69_Transmit_Interrupt
40356,600,815,41771,a32b,RTTY_Transmit
40398,600,821,41819,a35b,RTTY_Transmit_AFSK
37634,1912,877,40423,9de7,SSTV_Transmit
37682,1912,883,40477,9e1d,SSTV_Transmit_AFSK
23232,532,775,24539,5fdb,SX123x_Receive_Blocking
23180,548,777,24505,5fb9,SX123x_Transmit_Blocking
40858,794,835,42487,a5f7,SX126x_Channel_Activity_Detection_Blocking
41140,794,836,42770,a712,SX126x_Channel_Activity_Detection_Interrupt
43700,806,837,45343,b11f,SX126x_Channel_Activity_Detection_Receive
42716,814,835,44365,ad4d,SX126x_FSK_Modem
42756,820,837,44413,ad7d,SX126x_LR_FHSS_Transmit_Blocking
42278,822,840,43940,aba4,SX126x_LR_FHSS_Transmit_Interrupt
43026,818,839,44683,ae8b,SX126x_PingPong
43210,806,835,44851,af33,SX126x_Receive_Blocking
43278,806,836,44920,af78,SX126x_Receive_Interrupt
43528,928,1243,45699,b283,SX126x_Settings
43632,804,835,45271,b0d7,SX126x_Spectrum_Scan
44244,822,835,45901,b34d,SX126x_Spectrum_Scan_Frequency
42784,820,837,44441,ad99,SX126x_Transmit_Blocking
42286,822,840,43948,abac,SX126x_Transmit_Interrupt
34916,552,785,36253,8d9d,SX127x_Channel_Activity_Detection_Blocking
35220,552,787,36559,8ecf,SX127x_Channel_Activity_Detection_Interrupt
38036,564,788,39388,99dc,SX127x_Channel_Activity_Detection_Receive
37584,572,785,38941,981d,SX127x_FSK_Modem
37144,576,789,38509,966d,SX127x_PingPong
37568,564,785,38917,9805,SX127x_Receive_Blocking
35222,592,785,36599,8ef7,SX127x_Receive_Direct
36944,578,789,38311,95a7,SX127x_Receive_FHSS
37650,564,786,39000,9858,SX127x_Receive_Interrupt
40284,678,1143,42105,a479,SX127x_Settings
36896,578,787,38261,9575,SX127x_Transmit_Blocking
37168,798,799,38765,976d,SX127x_Transmit_FHSS
36396,580,790,37766,9386,SX127x_Transmit_Interrupt
28616,680,792,30088,7588,SX128x_BLE_Modem
26178,666,792,27636,6bf4,SX128x_Channel_Activity_Detection_Blocking
26460,666,793,27919,6d0f,SX128x_Channel_Activity_Detection_Interrupt
28492,684,792,29968,7510,SX128x_FLRC_Modem
27942,684,792,29418,72ea,SX128x_GFSK_Modem
28184,714,792,29690,73fa,SX128x_Ranging
28532,678,792,30002,7532,SX128x_Receive_Blocking
28608,678,793,30079,757f,SX128x_Receive_Interrupt
27302,666,1157,29125,71c5,SX128x_Settings
27484,682,794,28960,7120,SX128x_Transmit_Blocking
27606,694,797,29097,71a9,SX128x_Transmit_Interrupt
25284,532,769,26585,67d9,Si443x_Receive_Blocking
25358,532,770,26660,6824,Si443x_Receive_Interrupt
24920,536,1111,26567,67c7,Si443x_Settings
25312,548,771,26631,6807,Si443x_Transmit_Blocking
25410,560,774,26744,6878,Si443x_Transmit_Interrupt
35404,552,1301,37257,9189,Stream_Receive
36084,1064,799,37947,943b,Stream_Transmit
19082,420,758,20260,4f24,nRF24_Receive_Blocking
19154,420,759,20333,4f6d,nRF24_Receive_Interrupt
19114,434,760,20308,4f54,nRF24_Transmit_Blocking
19184,448,763,20395,4fab,nRF24_Transmit_Interrupt
