text,data,bss,dec,hex,filename
38588,0,3280,41868,a38c,AFSK_Imperial_March
37692,0,3280,40972,a00c,AFSK_Tone
37788,0,3280,41068,a06c,AFSK_Tone_AM
56276,0,3336,59612,e8dc,APRS_MicE
55924,0,3336,59260,e77c,APRS_Position
55852,0,3304,59156,e714,APRS_Position_LoRa
39452,0,3296,42748,a6fc,AX25_Frames
39092,0,3296,42388,a594,AX25_Transmit
39620,0,3304,42924,a7ac,AX25_Transmit_AFSK
41588,0,3312,44900,af64,BellModem_Transmit
31804,0,3260,35064,88f8,CC1101_Receive_Address
31668,0,3260,34928,8870,CC1101_Receive_Blocking
31740,0,3264,35004,88bc,CC1101_Receive_Interrupt
29924,0,3620,33544,8308,CC1101_Settings
29420,0,3260,32680,7fa8,CC1101_Transmit_Address
31188,0,3264,34452,8694,CC1101_Transmit_Blocking
31324,0,3272,34596,8724,CC1101_Transmit_Interrupt
38436,0,3332,41768,a328,FSK4_Transmit
38468,0,3340,41808,a350,FSK4_Transmit_AFSK
41884,0,3308,45192,b088,Hellschreiber_Transmit
41964,0,3316,45280,b0e0,Hellschreiber_Transmit_AFSK
36636,0,3300,39936,9c00,LR11x0_Channel_Activity_Detection_Blocking
36812,0,3304,40116,9cb4,LR11x0_Channel_Activity_Detection_Interrupt
282364,0,3300,285664,45be0,LR11x0_Firmware_Update
38852,0,3300,42152,a4a8,LR11x0_GFSK_Modem
38756,0,3380,42136,a498,LR11x0_GNSS_Almanac_Update
38660,0,3316,41976,a3f8,LR11x0_GNSS_Autonomous_Position
38124,0,3304,41428,a1d4,LR11x0_GNSS_Satellites
36340,0,3300,39640,9ad8,LR11x0_LR_FHSS_Modem
39244,0,3308,42552,a638,LR11x0_PingPong
39012,0,3300,42312,a548,LR11x0_Receive_Blocking
39084,0,3304,42388,a594,LR11x0_Receive_Interrupt
39076,0,3304,42380,a58c,LR11x0_Transmit_Blocking
38692,0,3312,42004,a414,LR11x0_Transmit_Interrupt
40252,0,3300,43552,aa20,LR11x0_WiFi_Scan_Blocking
40316,0,3304,43620,aa64,LR11x0_WiFi_Scan_Interrupt
55868,0,4648,60516,ec64,LoRaWAN_ABP
57884,0,4656,62540,f44c,LoRaWAN_Reference
55812,0,4656,60468,ec34,LoRaWAN_Starter
39188,0,3352,42540,a62c,Morse_Receive_AM
42060,0,3344,45404,b15c,Morse_Transmit_AM
41964,0,3344,45308,b0fc,Morse_Transmit_FM
41948,0,3336,45284,b0e4,Morse_Transmit_SSB
41596,0,3324,44920,af78,Pager_Receive
40204,0,3324,43528,aa08,Pager_Transmit
40404,0,3272,43676,aa9c,PhysicalLayer_Interface
30692,0,3268,33960,84a8,RF69_Receive_AES
30900,0,3268,34168,8578,RF69_Receive_Address
31076,0,3268,34344,8628,RF69_Receive_Blocking
31140,0,3272,34412,866c,RF69_Receive_Interrupt
29812,0,3636,33448,82a8,RF69_Settings
28876,0,3268,32144,7d90,RF69_Transmit_AES
29092,0,3268,32360,7e68,RF69_Transmit_Address
30692,0,3272,33964,84ac,RF69_Transmit_Blocking
30820,0,3280,34100,8534,RF69_Transmit_Interrupt
41828,0,3316,45144,b058,RTTY_Transmit
41852,0,3324,45176,b078,RTTY_Transmit_AFSK
40524,0,3408,43932,ab9c,SSTV_Transmit
40572,0,3416,43988,abd4,SSTV_Transmit_AFSK
30748,0,3268,34016,84e0,SX123x_Receive_Blocking
30836,0,3272,34108,853c,SX123x_Transmit_Blocking
39932,0,3340,43272,a908,SX126x_Channel_Activity_Detection_Blocking
40100,0,3344,43444,a9b4,SX126x_Channel_Activity_Detection_Interrupt
43004,0,3344,46348,b50c,SX126x_Channel_Activity_Detection_Receive
42308,0,3340,45648,b250,SX126x_FSK_Modem
40228,0,3340,43568,aa30,SX126x_LR_FHSS_Modem
42540,0,3348,45888,b340,SX126x_PingPong
42660,0,3340,46000,b3b0,SX126x_Receive_Blocking
42724,0,3344,46068,b3f4,SX126x_Receive_Interrupt
41748,0,3780,45528,b1d8,SX126x_Settings
42076,0,3340,45416,b168,SX126x_Spectrum_Scan
42620,0,3340,45960,b388,SX126x_Spectrum_Scan_Frequency
42380,0,3344,45724,b29c,SX126x_Transmit_Blocking
41996,0,3352,45348,b124,SX126x_Transmit_Interrupt
37476,0,3272,40748,9f2c,SX127x_Channel_Activity_Detection_Blocking
37644,0,3276,40920,9fd8,SX127x_Channel_Activity_Detection_Interrupt
40748,0,3280,44028,abfc,SX127x_Channel_Activity_Detection_Receive
40364,0,3272,43636,aa74,SX127x_FSK_Modem
40100,0,3280,43380,a974,SX127x_PingPong
40372,0,3272,43644,aa7c,SX127x_Receive_Blocking
37652,0,3272,40924,9fdc,SX127x_Receive_Direct
39876,0,3280,43156,a894,SX127x_Receive_FHSS
40476,0,3276,43752,aae8,SX127x_Receive_Interrupt
41388,0,3644,45032,afe8,SX127x_Settings
39940,0,3276,43216,a8d0,SX127x_Transmit_Blocking
40316,0,3304,43620,aa64,SX127x_Transmit_FHSS
39564,0,3284,42848,a760,SX127x_Transmit_Interrupt
33276,0,3272,36548,8ec4,SX128x_BLE_Modem
30732,0,3272,34004,84d4,SX128x_Channel_Activity_Detection_Blocking
30908,0,3276,34184,8588,SX128x_Channel_Activity_Detection_Interrupt
33260,0,3272,36532,8eb4,SX128x_FLRC_Modem
32980,0,3272,36252,8d9c,SX128x_GFSK_Modem
32452,0,3272,35724,8b8c,SX128x_Ranging
33716,0,3272,36988,907c,SX128x_Receive_Blocking
33796,0,3276,37072,90d0,SX128x_Receive_Interrupt
31628,0,3644,35272,89c8,SX128x_Settings
32652,0,3276,35928,8c58,SX128x_Transmit_Blocking
32788,0,3284,36072,8ce8,SX128x_Transmit_Interrupt
32060,0,3256,35316,89f4,Si443x_Receive_Blocking
32140,0,3260,35400,8a48,Si443x_Receive_Interrupt
30980,0,3612,34592,8720,Si443x_Settings
32188,0,3260,35448,8a78,Si443x_Transmit_Blocking
32300,0,3268,35568,8af0,Si443x_Transmit_Interrupt
37756,0,3792,41548,a24c,Stream_Receive
39860,0,3304,43164,a89c,Stream_Transmit
25300,0,3244,28544,6f80,nRF24_Receive_Blocking
25396,0,3248,28644,6fe4,nRF24_Receive_Interrupt
25428,0,3248,28676,7004,nRF24_Transmit_Blocking
25516,0,3256,28772,7064,nRF24_Transmit_Interrupt
