text,data,bss,dec,hex,filename
106944,4312,257832,369088,5a1c0,AFSK_Imperial_March
106768,3624,258520,368912,5a110,AFSK_Tone
106856,3624,258520,369000,5a168,AFSK_Tone_AM
110624,3624,258520,372768,5b020,APRS_MicE
110432,3624,258520,372576,5af60,APRS_Position
110256,3624,258520,372400,5aeb0,APRS_Position_LoRa
108552,3624,258520,370696,5a808,AX25_Frames
108136,3624,258520,370280,5a668,AX25_Transmit
108744,3624,258520,370888,5a8c8,AX25_Transmit_AFSK
109560,3624,258520,371704,5abf8,BellModem_Transmit
99184,3624,258520,361328,58370,CC1101_Receive_Address
99032,3624,258520,361176,582d8,CC1101_Receive_Blocking
99160,3624,258520,361304,58358,CC1101_Receive_Interrupt
98728,3624,258520,360872,581a8,CC1101_Settings
98216,3624,258520,360360,57fa8,CC1101_Transmit_Address
98696,3624,258520,360840,58188,CC1101_Transmit_Blocking
98824,3624,258520,360968,58208,CC1101_Transmit_Interrupt
107480,3680,258464,369624,5a3d8,FSK4_Transmit
107480,3680,258464,369624,5a3d8,FSK4_Transmit_AFSK
109864,3624,258520,372008,5ad28,Hellschreiber_Transmit
109944,3624,258520,372088,5ad78,Hellschreiber_Transmit_AFSK
105224,3624,258520,367368,59b08,LR11x0_Channel_Activity_Detection_Blocking
105392,3624,258520,367536,59bb0,LR11x0_Channel_Activity_Detection_Interrupt
350968,3624,258520,613112,95af8,LR11x0_Firmware_Update
106080,3624,258520,368224,59e60,LR11x0_GFSK_Modem
107168,3624,258520,369312,5a2a0,LR11x0_GNSS_Almanac_Update
107248,3624,258520,369392,5a2f0,LR11x0_GNSS_Autonomous_Position
106680,3624,258520,368824,5a0b8,LR11x0_GNSS_Satellites
104944,3624,258520,367088,599f0,LR11x0_LR_FHSS_Modem
106440,3624,258520,368584,59fc8,LR11x0_PingPong
106248,3624,258520,368392,59f08,LR11x0_Receive_Blocking
106312,3624,258520,368456,59f48,LR11x0_Receive_Interrupt
106336,3624,258520,368480,59f60,LR11x0_Transmit_Blocking
105976,3624,258520,368120,59df8,LR11x0_Transmit_Interrupt
107336,3624,258520,369480,5a348,LR11x0_WiFi_Scan_Blocking
107448,3624,258520,369592,5a3b8,LR11x0_WiFi_Scan_Interrupt
123368,3624,258520,385512,5e1e8,LoRaWAN_ABP
125392,3624,258520,387536,5e9d0,LoRaWAN_Reference
123312,3624,258520,385456,5e1b0,LoRaWAN_Starter
107968,3624,258520,370112,5a5c0,Morse_Receive_AM
109728,3624,258520,371872,5aca0,Morse_Transmit_AM
109632,3624,258520,371776,5ac40,Morse_Transmit_FM
109632,3624,258520,371776,5ac40,Morse_Transmit_SSB
109328,3632,258512,371472,5ab10,Pager_Receive
109296,3624,258520,371440,5aaf0,Pager_Transmit
108072,3632,258512,370216,5a628,PhysicalLayer_Interface
98128,3624,258520,360272,57f50,RF69_Receive_AES
98376,3624,258520,360520,58048,RF69_Receive_Address
98464,3624,258520,360608,580a0,RF69_Receive_Blocking
98592,3624,258520,360736,58120,RF69_Receive_Interrupt
98632,3624,258520,360776,58148,RF69_Settings
97720,3624,258520,359864,57db8,RF69_Transmit_AES
97904,3624,258520,360048,57e70,RF69_Transmit_Address
98216,3624,258520,360360,57fa8,RF69_Transmit_Blocking
98344,3624,258520,360488,58028,RF69_Transmit_Interrupt
109784,3624,258520,371928,5acd8,RTTY_Transmit
109784,3624,258520,371928,5acd8,RTTY_Transmit_AFSK
108336,4904,257240,370480,5a730,SSTV_Transmit
108400,4904,257240,370544,5a770,SSTV_Transmit_AFSK
98200,3624,258520,360344,57f98,SX123x_Receive_Blocking
98304,3624,258520,360448,58000,SX123x_Transmit_Blocking
108568,3624,258520,370712,5a818,SX126x_Channel_Activity_Detection_Blocking
108736,3624,258520,370880,5a8c0,SX126x_Channel_Activity_Detection_Interrupt
110232,3624,258520,372376,5ae98,SX126x_Channel_Activity_Detection_Receive
109592,3624,258520,371736,5ac18,SX126x_FSK_Modem
108880,3624,258520,371024,5a950,SX126x_LR_FHSS_Modem
109784,3624,258520,371928,5acd8,SX126x_PingPong
109936,3624,258520,372080,5ad70,SX126x_Receive_Blocking
110008,3624,258520,372152,5adb8,SX126x_Receive_Interrupt
110424,3624,258520,372568,5af58,SX126x_Settings
110728,3624,258520,372872,5b088,SX126x_Spectrum_Scan
111256,3624,258520,373400,5b298,SX126x_Spectrum_Scan_Frequency
109680,3624,258520,371824,5ac70,SX126x_Transmit_Blocking
109320,3624,258520,371464,5ab08,SX126x_Transmit_Interrupt
106536,3624,258520,368680,5a028,SX127x_Channel_Activity_Detection_Blocking
106744,3624,258520,368888,5a0f8,SX127x_Channel_Activity_Detection_Interrupt
108480,3624,258520,370624,5a7c0,SX127x_Channel_Activity_Detection_Receive
108112,3624,258520,370256,5a650,SX127x_FSK_Modem
107808,3624,258520,369952,5a520,SX127x_PingPong
108096,3624,258520,370240,5a640,SX127x_Receive_Blocking
106688,3624,258520,368832,5a0c0,SX127x_Receive_Direct
107576,3656,258488,369720,5a438,SX127x_Receive_FHSS
108192,3624,258520,370336,5a6a0,SX127x_Receive_Interrupt
110480,3624,258520,372624,5af90,SX127x_Settings
107712,3624,258520,369856,5a4c0,SX127x_Transmit_Blocking
108056,3656,258488,370200,5a618,SX127x_Transmit_FHSS
107344,3624,258520,369488,5a350,SX127x_Transmit_Interrupt
100648,3624,258520,362792,58928,SX128x_BLE_Modem
99512,3624,258520,361656,584b8,SX128x_Channel_Activity_Detection_Blocking
99680,3624,258520,361824,58560,SX128x_Channel_Activity_Detection_Interrupt
100656,3624,258520,362800,58930,SX128x_FLRC_Modem
100400,3624,258520,362544,58830,SX128x_GFSK_Modem
101208,3624,258520,363352,58b58,SX128x_Ranging
101072,3624,258520,363216,58ad0,SX128x_Receive_Blocking
101136,3624,258520,363280,58b10,SX128x_Receive_Interrupt
100408,3624,258520,362552,58838,SX128x_Settings
100064,3624,258520,362208,586e0,SX128x_Transmit_Blocking
100256,3624,258520,362400,587a0,SX128x_Transmit_Interrupt
99608,3624,258520,361752,58518,Si443x_Receive_Blocking
99672,3624,258520,361816,58558,Si443x_Receive_Interrupt
99848,3624,258520,361992,58608,Si443x_Settings
99784,3624,258520,361928,585c8,Si443x_Transmit_Blocking
99904,3624,258520,362048,58640,Si443x_Transmit_Interrupt
106848,3624,258520,368992,5a160,Stream_Receive
107584,3624,258520,369728,5a440,Stream_Transmit
95784,3624,258520,357928,57628,nRF24_Receive_Blocking
95872,3624,258520,358016,57680,nRF24_Receive_Interrupt
95976,3624,258520,358120,576e8,nRF24_Transmit_Blocking
96080,3624,258520,358224,57750,nRF24_Transmit_Interrupt
