text,data,bss,dec,hex,filename
870608,12,178520,1049140,100234,AFSK_Imperial_March
869784,12,178520,1048316,ffefc,AFSK_Tone
869880,12,178520,1048412,fff5c,AFSK_Tone_AM
874624,12,178576,1053212,10121c,APRS_MicE
874432,12,178576,1053020,10115c,APRS_Position
872944,12,178544,1051500,100b6c,APRS_Position_LoRa
871536,12,178536,1050084,1005e4,AX25_Frames
871184,12,178536,1049732,100484,AX25_Transmit
873048,12,178544,1051604,100bd4,AX25_Transmit_AFSK
873600,12,178552,1052164,100e04,BellModem_Transmit
862160,12,178500,1040672,fe120,CC1101_Receive_Address
862032,12,178500,1040544,fe0a0,CC1101_Receive_Blocking
862104,12,178500,1040616,fe0e8,CC1101_Receive_Interrupt
861744,12,178860,1040616,fe0e8,CC1101_Settings
861232,12,178500,1039744,fdd80,CC1101_Transmit_Address
861776,12,178504,1040292,fdfa4,CC1101_Transmit_Blocking
861904,12,178508,1040424,fe028,CC1101_Transmit_Interrupt
870396,12,178576,1048984,100198,FSK4_Transmit
870428,12,178584,1049024,1001c0,FSK4_Transmit_AFSK
872640,12,178548,1051200,100a40,Hellschreiber_Transmit
872720,12,178556,1051288,100a98,Hellschreiber_Transmit_AFSK
867976,12,178540,1046528,ff800,LR11x0_Channel_Activity_Detection_Blocking
868144,12,178540,1046696,ff8a8,LR11x0_Channel_Activity_Detection_Interrupt
1113688,12,178540,1292240,13b7d0,LR11x0_Firmware_Update
868824,12,178540,1047376,ffb50,LR11x0_GFSK_Modem
869848,12,178620,1048480,fffa0,LR11x0_GNSS_Almanac_Update
869896,12,178556,1048464,fff90,LR11x0_GNSS_Autonomous_Position
869392,12,178544,1047948,ffd8c,LR11x0_GNSS_Satellites
867688,12,178540,1046240,ff6e0,LR11x0_LR_FHSS_Modem
869144,12,178548,1047704,ffc98,LR11x0_PingPong
868920,12,178540,1047472,ffbb0,LR11x0_Receive_Blocking
868984,12,178540,1047536,ffbf0,LR11x0_Receive_Interrupt
869144,12,178544,1047700,ffc94,LR11x0_Transmit_Blocking
868784,12,178548,1047344,ffb30,LR11x0_Transmit_Interrupt
869976,12,178540,1048528,fffd0,LR11x0_WiFi_Scan_Blocking
870064,12,178540,1048616,100028,LR11x0_WiFi_Scan_Interrupt
886120,12,179876,1066008,104418,LoRaWAN_ABP
888072,12,179888,1067972,104bc4,LoRaWAN_Reference
886072,12,179888,1065972,1043f4,LoRaWAN_Starter
871016,12,178588,1049616,100410,Morse_Receive_AM
872560,12,178584,1051156,100a14,Morse_Transmit_AM
872472,12,178584,1051068,1009bc,Morse_Transmit_FM
872440,12,178576,1051028,100994,Morse_Transmit_SSB
872140,12,178568,1050720,100860,Pager_Receive
872160,12,178564,1050736,100870,Pager_Transmit
871052,12,178516,1049580,1003ec,PhysicalLayer_Interface
861256,12,178508,1039776,fdda0,RF69_Receive_AES
861472,12,178508,1039992,fde78,RF69_Receive_Address
861584,12,178508,1040104,fdee8,RF69_Receive_Blocking
861648,12,178508,1040168,fdf28,RF69_Receive_Interrupt
861768,12,178876,1040656,fe110,RF69_Settings
860816,12,178508,1039336,fdbe8,RF69_Transmit_AES
861032,12,178508,1039552,fdcc0,RF69_Transmit_Address
861408,12,178512,1039932,fde3c,RF69_Transmit_Blocking
861536,12,178516,1040064,fdec0,RF69_Transmit_Interrupt
872496,12,178556,1051064,1009b8,RTTY_Transmit
872528,12,178564,1051104,1009e0,RTTY_Transmit_AFSK
872664,12,178648,1051324,100abc,SSTV_Transmit
872696,12,178656,1051364,100ae4,SSTV_Transmit_AFSK
861352,12,178508,1039872,fde00,SX123x_Receive_Blocking
861576,12,178512,1040100,fdee4,SX123x_Transmit_Blocking
871040,12,178580,1049632,100420,SX126x_Channel_Activity_Detection_Blocking
871208,12,178580,1049800,1004c8,SX126x_Channel_Activity_Detection_Interrupt
872728,12,178584,1051324,100abc,SX126x_Channel_Activity_Detection_Receive
872032,12,178580,1050624,100800,SX126x_FSK_Modem
871320,12,178580,1049912,100538,SX126x_LR_FHSS_Modem
872208,12,178588,1050808,1008b8,SX126x_PingPong
872368,12,178580,1050960,100950,SX126x_Receive_Blocking
872432,12,178580,1051024,100990,SX126x_Receive_Interrupt
872912,12,179020,1051944,100d28,SX126x_Settings
873136,12,178580,1051728,100c50,SX126x_Spectrum_Scan
873656,12,178580,1052248,100e58,SX126x_Spectrum_Scan_Frequency
872208,12,178584,1050804,1008b4,SX126x_Transmit_Blocking
871848,12,178588,1050448,100750,SX126x_Transmit_Interrupt
869560,12,178512,1048084,ffe14,SX127x_Channel_Activity_Detection_Blocking
869736,12,178516,1048264,ffec8,SX127x_Channel_Activity_Detection_Interrupt
871456,12,178516,1049984,100580,SX127x_Channel_Activity_Detection_Receive
871128,12,178512,1049652,100434,SX127x_FSK_Modem
870792,12,178520,1049324,1002ec,SX127x_PingPong
871112,12,178512,1049636,100424,SX127x_Receive_Blocking
869712,12,178512,1048236,ffeac,SX127x_Receive_Direct
870596,12,178524,1049132,10022c,SX127x_Receive_FHSS
871176,12,178512,1049700,100464,SX127x_Receive_Interrupt
873520,12,178884,1052416,100f00,SX127x_Settings
870760,12,178516,1049288,1002c8,SX127x_Transmit_Blocking
871172,12,178544,1049728,100480,SX127x_Transmit_FHSS
870432,12,178520,1048964,100184,SX127x_Transmit_Interrupt
863672,12,178512,1042196,fe714,SX128x_BLE_Modem
862496,12,178512,1041020,fe27c,SX128x_Channel_Activity_Detection_Blocking
862664,12,178512,1041188,fe324,SX128x_Channel_Activity_Detection_Interrupt
863672,12,178512,1042196,fe714,SX128x_FLRC_Modem
863384,12,178512,1041908,fe5f4,SX128x_GFSK_Modem
864160,12,178512,1042684,fe8fc,SX128x_Ranging
864080,12,178512,1042604,fe8ac,SX128x_Receive_Blocking
864144,12,178512,1042668,fe8ec,SX128x_Receive_Interrupt
863360,12,178884,1042256,fe750,SX128x_Settings
863176,12,178516,1041704,fe528,SX128x_Transmit_Blocking
863304,12,178520,1041836,fe5ac,SX128x_Transmit_Interrupt
862568,12,178496,1041076,fe2b4,Si443x_Receive_Blocking
862632,12,178496,1041140,fe2f4,Si443x_Receive_Interrupt
862872,12,178852,1041736,fe548,Si443x_Settings
862840,12,178500,1041352,fe3c8,Si443x_Transmit_Blocking
862952,12,178504,1041468,fe43c,Si443x_Transmit_Interrupt
869840,12,179032,1048884,100134,Stream_Receive
870608,12,178540,1049160,100248,Stream_Transmit
858696,12,178484,1037192,fd388,nRF24_Receive_Blocking
858784,12,178484,1037280,fd3e0,nRF24_Receive_Interrupt
858984,12,178488,1037484,fd4ac,nRF24_Transmit_Blocking
859088,12,178492,1037592,fd518,nRF24_Transmit_Interrupt
