text,data,bss,dec,hex,filename
117565,0,39940,157505,26741,AFSK_Imperial_March
116742,0,39940,156682,2640a,AFSK_Tone
116833,0,39940,156773,26465,AFSK_Tone_AM
120666,0,39996,160662,27396,APRS_MicE
120374,0,39996,160370,27272,APRS_Position
120326,0,39964,160290,27222,APRS_Position_LoRa
118519,0,39956,158475,26b0b,AX25_Frames
118147,0,39956,158103,26997,AX25_Transmit
118640,0,39964,158604,26b8c,AX25_Transmit_AFSK
119277,0,39972,159249,26e11,BellModem_Transmit
110277,0,39916,150193,24ab1,CC1101_Receive_Address
110127,0,39916,150043,24a1b,CC1101_Receive_Blocking
110213,0,39916,150129,24a71,CC1101_Receive_Interrupt
109566,0,40276,149842,24952,CC1101_Settings
109068,0,39916,148984,245f8,CC1101_Transmit_Address
109519,0,39924,149443,247c3,CC1101_Transmit_Blocking
109671,0,39924,149595,2485b,CC1101_Transmit_Interrupt
117365,0,39996,157361,266b1,FSK4_Transmit
117393,0,40004,157397,266d5,FSK4_Transmit_AFSK
119569,0,39972,159541,26f35,Hellschreiber_Transmit
119649,0,39980,159629,26f8d,Hellschreiber_Transmit_AFSK
115244,0,39964,155208,25e48,LR11x0_Channel_Activity_Detection_Blocking
115417,0,39964,155381,25ef5,LR11x0_Channel_Activity_Detection_Interrupt
360924,0,39964,400888,61df8,LR11x0_Firmware_Update
116126,0,39964,156090,261ba,LR11x0_GFSK_Modem
117178,0,40044,157222,26626,LR11x0_GNSS_Almanac_Update
117387,0,39980,157367,266b7,LR11x0_GNSS_Autonomous_Position
116663,0,39964,156627,263d3,LR11x0_GNSS_Satellites
114945,0,39964,154909,25d1d,LR11x0_LR_FHSS_Modem
116651,0,39964,156615,263c7,LR11x0_PingPong
116405,0,39964,156369,262d1,LR11x0_Receive_Blocking
116479,0,39964,156443,2631b,LR11x0_Receive_Interrupt
116537,0,39964,156501,26355,LR11x0_Transmit_Blocking
116013,0,39972,155985,26151,LR11x0_Transmit_Interrupt
117522,0,39964,157486,2672e,LR11x0_WiFi_Scan_Blocking
117587,0,39964,157551,2676f,LR11x0_WiFi_Scan_Interrupt
135339,0,41436,176775,2b287,LoRaWAN_ABP
138766,0,41516,180282,2c03a,LoRaWAN_Class_C
138869,0,41524,180393,2c0a9,LoRaWAN_Multicast
137363,0,41444,178807,2ba77,LoRaWAN_Reference
135262,0,41444,176706,2b242,LoRaWAN_Starter
136686,0,41964,178650,2b9da,LoRaWAN_TS_Packages
117900,0,40004,157904,268d0,Morse_Receive_AM
119490,0,40004,159494,26f06,Morse_Transmit_AM
119399,0,40004,159403,26eab,Morse_Transmit_FM
119373,0,39996,159369,26e89,Morse_Transmit_SSB
119248,0,39988,159236,26e04,Pager_Receive
119212,0,39988,159200,26de0,Pager_Transmit
118030,0,39932,157962,2690a,PhysicalLayer_Interface
108631,0,39924,148555,2444b,RF69_Receive_AES
108860,0,39924,148784,24530,RF69_Receive_Address
109215,0,39924,149139,24693,RF69_Receive_Blocking
109299,0,39924,149223,246e7,RF69_Receive_Interrupt
109118,0,40284,149402,2479a,RF69_Settings
108167,0,39924,148091,2427b,RF69_Transmit_AES
108396,0,39924,148320,24360,RF69_Transmit_Address
108687,0,39924,148611,24483,RF69_Transmit_Blocking
108837,0,39932,148769,24521,RF69_Transmit_Interrupt
119473,0,39980,159453,26edd,RTTY_Transmit
119499,0,39988,159487,26eff,RTTY_Transmit_AFSK
119474,0,40068,159542,26f36,SSTV_Transmit
119516,0,40076,159592,26f68,SSTV_Transmit_AFSK
108735,0,39924,148659,244b3,SX123x_Receive_Blocking
108863,0,39932,148795,2453b,SX123x_Transmit_Blocking
118509,0,40004,158513,26b31,SX126x_Channel_Activity_Detection_Blocking
118682,0,40004,158686,26bde,SX126x_Channel_Activity_Detection_Interrupt
120356,0,40004,160360,27268,SX126x_Channel_Activity_Detection_Receive
119534,0,40004,159538,26f32,SX126x_FSK_Modem
119838,0,40012,159850,2706a,SX126x_LR_FHSS_Transmit_Blocking
119286,0,40012,159298,26e42,SX126x_LR_FHSS_Transmit_Interrupt
119980,0,40012,159992,270f8,SX126x_PingPong
120005,0,40004,160009,27109,SX126x_Receive_Blocking
120079,0,40004,160083,27153,SX126x_Receive_Interrupt
120394,0,40452,160846,2744e,SX126x_Settings
120687,0,40004,160691,273b3,SX126x_Spectrum_Scan
121407,0,40004,161411,27683,SX126x_Spectrum_Scan_Frequency
119858,0,40012,159870,2707e,SX126x_Transmit_Blocking
119282,0,40012,159294,26e3e,SX126x_Transmit_Interrupt
116516,0,39932,156448,26320,SX127x_Channel_Activity_Detection_Blocking
116692,0,39932,156624,263d0,SX127x_Channel_Activity_Detection_Interrupt
118339,0,39932,158271,26a3f,SX127x_Channel_Activity_Detection_Receive
118060,0,39932,157992,26928,SX127x_FSK_Modem
117790,0,39940,157730,26822,SX127x_PingPong
117930,0,39932,157862,268a6,SX127x_Receive_Blocking
116688,0,39932,156620,263cc,SX127x_Receive_Direct
117572,0,39940,157512,26748,SX127x_Receive_FHSS
118037,0,39932,157969,26911,SX127x_Receive_Interrupt
120438,0,40308,160746,273ea,SX127x_Settings
117676,0,39940,157616,267b0,SX127x_Transmit_Blocking
118076,0,39956,158032,26950,SX127x_Transmit_FHSS
117316,0,39940,157256,26648,SX127x_Transmit_Interrupt
111782,0,39940,151722,250aa,SX128x_BLE_Modem
110599,0,39940,150539,24c0b,SX128x_Channel_Activity_Detection_Blocking
110776,0,39940,150716,24cbc,SX128x_Channel_Activity_Detection_Interrupt
111810,0,39940,151750,250c6,SX128x_FLRC_Modem
111506,0,39940,151446,24f96,SX128x_GFSK_Modem
112172,0,39940,152112,25230,SX128x_Ranging
112099,0,39940,152039,251e7,SX128x_Receive_Blocking
112185,0,39940,152125,2523d,SX128x_Receive_Interrupt
111543,0,40316,151859,25133,SX128x_Settings
111224,0,39940,151164,24e7c,SX128x_Transmit_Blocking
111376,0,39948,151324,24f1c,SX128x_Transmit_Interrupt
109565,0,39916,149481,247e9,Si443x_Receive_Blocking
109648,0,39916,149564,2483c,Si443x_Receive_Interrupt
109836,0,40268,150104,24a58,Si443x_Settings
109750,0,39916,149666,248a2,Si443x_Transmit_Blocking
109869,0,39924,149793,24921,Si443x_Transmit_Interrupt
116809,0,40452,157261,2664d,Stream_Receive
117592,0,39956,157548,2676c,Stream_Transmit
105641,0,39900,145541,23885,nRF24_Receive_Blocking
105732,0,39900,145632,238e0,nRF24_Receive_Interrupt
105819,0,39908,145727,2393f,nRF24_Transmit_Blocking
105911,0,39908,145819,2399b,nRF24_Transmit_Interrupt
