text,data,bss,dec,hex,filename
64276,940,14060,79276,135ac,AFSK_Imperial_March
64048,252,14060,78360,13218,AFSK_Tone
64132,252,14060,78444,1326c,AFSK_Tone_AM
76512,616,14112,91240,16468,APRS_MicE
76320,616,14112,91048,163a8,APRS_Position
76112,616,14080,90808,162b8,APRS_Position_LoRa
65792,252,14076,80120,138f8,AX25_Frames
65416,252,14076,79744,13780,AX25_Transmit
65972,252,14084,80308,139b4,AX25_Transmit_AFSK
66736,252,14092,81080,13cb8,BellModem_Transmit
56404,252,14040,70696,11428,CC1101_Receive_Address
56268,252,14040,70560,113a0,CC1101_Receive_Blocking
56348,252,14044,70644,113f4,CC1101_Receive_Interrupt
55808,252,14400,70460,1133c,CC1101_Settings
55308,252,14040,69600,10fe0,CC1101_Transmit_Address
55832,252,14044,70128,111f0,CC1101_Transmit_Blocking
55968,252,14052,70272,11280,CC1101_Transmit_Interrupt
64708,304,14108,79120,13510,FSK4_Transmit
64740,304,14116,79160,13538,FSK4_Transmit_AFSK
67068,252,14088,81408,13e00,Hellschreiber_Transmit
67148,252,14096,81496,13e58,Hellschreiber_Transmit_AFSK
62320,252,14080,76652,12b6c,LR11x0_Channel_Activity_Detection_Blocking
62496,252,14084,76832,12c20,LR11x0_Channel_Activity_Detection_Interrupt
63252,252,14080,77584,12f10,LR11x0_GFSK_Modem
64204,252,14160,78616,13318,LR11x0_GNSS_Almanac_Update
64344,252,14096,78692,13364,LR11x0_GNSS_Autonomous_Position
63740,252,14084,78076,130fc,LR11x0_GNSS_Satellites
62028,252,14080,76360,12a48,LR11x0_LR_FHSS_Modem
63684,252,14092,78028,130cc,LR11x0_PingPong
63444,252,14080,77776,12fd0,LR11x0_Receive_Blocking
63508,252,14084,77844,13014,LR11x0_Receive_Interrupt
63564,252,14084,77900,1304c,LR11x0_Transmit_Blocking
63152,252,14092,77496,12eb8,LR11x0_Transmit_Interrupt
64556,252,14080,78888,13428,LR11x0_WiFi_Scan_Blocking
64612,252,14084,78948,13464,LR11x0_WiFi_Scan_Interrupt
65580,616,14128,80324,139c4,Morse_Receive_AM
67300,616,14120,82036,14074,Morse_Transmit_AM
67212,616,14120,81948,1401c,Morse_Transmit_FM
67180,616,14112,81908,13ff4,Morse_Transmit_SSB
66708,256,14100,81064,13ca8,Pager_Receive
66532,252,14104,80888,13bf8,Pager_Transmit
65496,256,14048,79800,137b8,PhysicalLayer_Interface
55336,252,14048,69636,11004,RF69_Receive_AES
55548,252,14048,69848,110d8,RF69_Receive_Address
55736,252,14048,70036,11194,RF69_Receive_Blocking
55816,252,14052,70120,111e8,RF69_Receive_Interrupt
55740,252,14416,70408,11308,RF69_Settings
54812,252,14048,69112,10df8,RF69_Transmit_AES
55020,252,14048,69320,10ec8,RF69_Transmit_Address
55380,252,14052,69684,11034,RF69_Transmit_Blocking
55520,252,14060,69832,110c8,RF69_Transmit_Interrupt
66988,252,14096,81336,13db8,RTTY_Transmit
67004,252,14104,81360,13dd0,RTTY_Transmit_AFSK
65648,1532,14188,81368,13dd8,SSTV_Transmit
65688,1532,14196,81416,13e08,SSTV_Transmit_AFSK
55388,252,14048,69688,11038,SX123x_Receive_Blocking
55512,252,14052,69816,110b8,SX123x_Transmit_Blocking
65516,252,14120,79888,13810,SX126x_Channel_Activity_Detection_Blocking
65692,252,14124,80068,138c4,SX126x_Channel_Activity_Detection_Interrupt
67348,252,14124,81724,13f3c,SX126x_Channel_Activity_Detection_Receive
66624,252,14120,80996,13c64,SX126x_FSK_Modem
65812,252,14120,80184,13938,SX126x_LR_FHSS_Modem
66880,252,14132,81264,13d70,SX126x_PingPong
66996,252,14120,81368,13dd8,SX126x_Receive_Blocking
67064,252,14124,81440,13e20,SX126x_Receive_Interrupt
67384,252,14560,82196,14114,SX126x_Settings
67664,252,14120,82036,14074,SX126x_Spectrum_Scan
68240,252,14120,82612,142b4,SX126x_Spectrum_Scan_Frequency
66760,252,14124,81136,13cf0,SX126x_Transmit_Blocking
66356,252,14132,80740,13b64,SX126x_Transmit_Interrupt
63828,252,14052,78132,13134,SX127x_Channel_Activity_Detection_Blocking
64000,252,14060,78312,131e8,SX127x_Channel_Activity_Detection_Interrupt
65912,252,14060,80224,13960,SX127x_Channel_Activity_Detection_Receive
65508,252,14052,79812,137c4,SX127x_FSK_Modem
65220,252,14064,79536,136b0,SX127x_PingPong
65540,252,14052,79844,137e4,SX127x_Receive_Blocking
63984,252,14052,78288,131d0,SX127x_Receive_Direct
64932,280,14060,79272,135a8,SX127x_Receive_FHSS
65644,252,14056,79952,13850,SX127x_Receive_Interrupt
67776,252,14424,82452,14214,SX127x_Settings
65112,252,14056,79420,1363c,SX127x_Transmit_Blocking
65424,284,14084,79792,137b0,SX127x_Transmit_FHSS
64704,252,14064,79020,134ac,SX127x_Transmit_Interrupt
57836,252,14052,72140,119cc,SX128x_BLE_Modem
56544,252,14052,70848,114c0,SX128x_Channel_Activity_Detection_Blocking
56728,252,14056,71036,1157c,SX128x_Channel_Activity_Detection_Interrupt
57824,252,14052,72128,119c0,SX128x_FLRC_Modem
57536,252,14052,71840,118a0,SX128x_GFSK_Modem
58308,252,14052,72612,11ba4,SX128x_Ranging
58296,252,14052,72600,11b98,SX128x_Receive_Blocking
58372,252,14056,72680,11be8,SX128x_Receive_Interrupt
57448,252,14424,72124,119bc,SX128x_Settings
57240,252,14056,71548,1177c,SX128x_Transmit_Blocking
57384,252,14064,71700,11814,SX128x_Transmit_Interrupt
56780,252,14036,71068,1159c,Si443x_Receive_Blocking
56864,252,14040,71156,115f4,Si443x_Receive_Interrupt
56984,252,14392,71628,117cc,Si443x_Settings
56956,252,14040,71248,11650,Si443x_Transmit_Blocking
57072,252,14048,71372,116cc,Si443x_Transmit_Interrupt
64116,252,14576,78944,13460,Stream_Receive
64952,256,14080,79288,135b8,Stream_Transmit
53048,252,14024,67324,106fc,nRF24_Receive_Blocking
53144,252,14028,67424,10760,nRF24_Receive_Interrupt
53236,252,14028,67516,107bc,nRF24_Transmit_Blocking
53320,252,14036,67608,10818,nRF24_Transmit_Interrupt
