text,data,bss,dec,hex,filename
336940,12032,8136,357108,572f4,AFSK_Imperial_March
336804,12032,8136,356972,5726c,AFSK_Tone
336900,12032,8136,357068,572cc,AFSK_Tone_AM
350252,12032,8192,370476,5a72c,APRS_MicE
349860,12032,8192,370084,5a5a4,APRS_Position
349956,12032,8160,370148,5a5e4,APRS_Position_LoRa
338596,12032,8152,358780,5797c,AX25_Frames
338220,12032,8152,358404,57804,AX25_Transmit
338700,12032,8160,358892,579ec,AX25_Transmit_AFSK
339076,12032,8168,359276,57b6c,BellModem_Transmit
330308,12032,8112,350452,558f4,CC1101_Receive_Address
330156,12032,8112,350300,5585c,CC1101_Receive_Blocking
330244,12032,8112,350388,558b4,CC1101_Receive_Interrupt
329356,12032,8472,349860,556a4,CC1101_Settings
329220,12032,8112,349364,554b4,CC1101_Transmit_Address
329616,12032,8116,349764,55644,CC1101_Transmit_Blocking
329764,12032,8120,349916,556dc,CC1101_Transmit_Interrupt
337440,12032,8188,357660,5751c,FSK4_Transmit
337456,12032,8196,357684,57534,FSK4_Transmit_AFSK
339368,12032,8164,359564,57c8c,Hellschreiber_Transmit
339432,12032,8172,359636,57cd4,Hellschreiber_Transmit_AFSK
334952,12032,8156,355140,56b44,LR11x0_Channel_Activity_Detection_Blocking
335120,12032,8156,355308,56bec,LR11x0_Channel_Activity_Detection_Interrupt
580704,12032,8156,600892,92b3c,LR11x0_Firmware_Update
335656,12032,8156,355844,56e04,LR11x0_GFSK_Modem
336848,12032,8236,357116,572fc,LR11x0_GNSS_Almanac_Update
336968,12032,8172,357172,57334,LR11x0_GNSS_Autonomous_Position
336412,12032,8160,356604,570fc,LR11x0_GNSS_Satellites
334664,12032,8156,354852,56a24,LR11x0_LR_FHSS_Modem
336060,12032,8160,356252,56f9c,LR11x0_PingPong
335816,12032,8156,356004,56ea4,LR11x0_Receive_Blocking
335888,12032,8156,356076,56eec,LR11x0_Receive_Interrupt
336100,12032,8160,356292,56fc4,LR11x0_Transmit_Blocking
335664,12032,8164,355860,56e14,LR11x0_Transmit_Interrupt
336920,12032,8156,357108,572f4,LR11x0_WiFi_Scan_Blocking
336992,12032,8156,357180,5733c,LR11x0_WiFi_Scan_Interrupt
353336,12032,9628,374996,5b8d4,LoRaWAN_ABP
356488,12032,9716,378236,5c57c,LoRaWAN_Class_C
356596,12032,9720,378348,5c5ec,LoRaWAN_Multicast
355372,12032,9640,377044,5c0d4,LoRaWAN_Reference
353260,12032,9640,374932,5b894,LoRaWAN_Starter
363824,12032,10156,386012,5e3dc,LoRaWAN_TS_Packages
337860,12032,8200,358092,576cc,Morse_Receive_AM
339236,12032,8200,359468,57c2c,Morse_Transmit_AM
339140,12032,8200,359372,57bcc,Morse_Transmit_FM
339124,12032,8192,359348,57bb4,Morse_Transmit_SSB
339016,12032,8180,359228,57b3c,Pager_Receive
339176,12032,8180,359388,57bdc,Pager_Transmit
337908,12032,8128,358068,576b4,PhysicalLayer_Interface
328704,12032,8116,348852,552b4,RF69_Receive_AES
328936,12032,8116,349084,5539c,RF69_Receive_Address
329344,12032,8116,349492,55534,RF69_Receive_Blocking
329432,12032,8116,349580,5558c,RF69_Receive_Interrupt
329036,12032,8480,349548,5556c,RF69_Settings
328448,12032,8116,348596,551b4,RF69_Transmit_AES
328672,12032,8116,348820,55294,RF69_Transmit_Address
328916,12032,8120,349068,5538c,RF69_Transmit_Blocking
329064,12032,8124,349220,55424,RF69_Transmit_Interrupt
339256,12032,8172,359460,57c24,RTTY_Transmit
339280,12032,8180,359492,57c44,RTTY_Transmit_AFSK
338140,12032,8264,358436,57824,SSTV_Transmit
338172,12032,8272,358476,5784c,SSTV_Transmit_AFSK
328796,12032,8120,348948,55314,SX123x_Receive_Blocking
329080,12032,8124,349236,55434,SX123x_Transmit_Blocking
338396,12032,8200,358628,578e4,SX126x_Channel_Activity_Detection_Blocking
338564,12032,8200,358796,5798c,SX126x_Channel_Activity_Detection_Interrupt
340100,12032,8200,360332,57f8c,SX126x_Channel_Activity_Detection_Receive
339220,12032,8200,359452,57c1c,SX126x_FSK_Modem
339744,12032,8204,359980,57e2c,SX126x_LR_FHSS_Transmit_Blocking
339124,12032,8208,359364,57bc4,SX126x_LR_FHSS_Transmit_Interrupt
339720,12032,8204,359956,57e14,SX126x_PingPong
339748,12032,8200,359980,57e2c,SX126x_Receive_Blocking
339820,12032,8200,360052,57e74,SX126x_Receive_Interrupt
339844,12032,8648,360524,5804c,SX126x_Settings
340588,12032,8200,360820,58174,SX126x_Spectrum_Scan
341364,12032,8200,361596,5847c,SX126x_Spectrum_Scan_Frequency
339760,12032,8204,359996,57e3c,SX126x_Transmit_Blocking
339116,12032,8208,359356,57bbc,SX126x_Transmit_Interrupt
336588,12032,8128,356748,5718c,SX127x_Channel_Activity_Detection_Blocking
336764,12032,8128,356924,5723c,SX127x_Channel_Activity_Detection_Interrupt
338176,12032,8132,358340,577c4,SX127x_Channel_Activity_Detection_Receive
337980,12032,8128,358140,576fc,SX127x_FSK_Modem
337656,12032,8132,357820,575bc,SX127x_PingPong
337780,12032,8128,357940,57634,SX127x_Receive_Blocking
336780,12032,8128,356940,5724c,SX127x_Receive_Direct
337408,12032,8132,357572,574c4,SX127x_Receive_FHSS
337892,12032,8128,358052,576a4,SX127x_Receive_Interrupt
340116,12032,8504,360652,580cc,SX127x_Settings
337696,12032,8132,357860,575e4,SX127x_Transmit_Blocking
338044,12032,8152,358228,57754,SX127x_Transmit_FHSS
337332,12032,8136,357500,5747c,SX127x_Transmit_Interrupt
331216,12032,8132,351380,55c94,SX128x_BLE_Modem
330240,12032,8132,350404,558c4,SX128x_Channel_Activity_Detection_Blocking
330424,12032,8132,350588,5597c,SX128x_Channel_Activity_Detection_Interrupt
331232,12032,8132,351396,55ca4,SX128x_FLRC_Modem
330944,12032,8132,351108,55b84,SX128x_GFSK_Modem
332152,12032,8132,352316,5603c,SX128x_Ranging
331888,12032,8132,352052,55f34,SX128x_Receive_Blocking
331968,12032,8132,352132,55f84,SX128x_Receive_Interrupt
330772,12032,8512,351316,55c54,SX128x_Settings
330820,12032,8136,350988,55b0c,SX128x_Transmit_Blocking
330968,12032,8140,351140,55ba4,SX128x_Transmit_Interrupt
329560,12032,8108,349700,55604,Si443x_Receive_Blocking
329640,12032,8108,349780,55654,Si443x_Receive_Interrupt
329684,12032,8464,350180,557e4,Si443x_Settings
329892,12032,8112,350036,55754,Si443x_Transmit_Blocking
330016,12032,8116,350164,557d4,Si443x_Transmit_Interrupt
336352,12032,8644,357028,572a4,Stream_Receive
337404,12032,8152,357588,574d4,Stream_Transmit
326388,12032,8096,346516,54994,nRF24_Receive_Blocking
326468,12032,8096,346596,549e4,nRF24_Receive_Interrupt
326720,12032,8100,346852,54ae4,nRF24_Transmit_Blocking
326804,12032,8104,346940,54b3c,nRF24_Transmit_Interrupt
