text,data,bss,dec,hex,filename
55464,1344,4500,61308,ef7c,AFSK_Imperial_March
55328,656,4500,60484,ec44,AFSK_Tone
55424,656,4500,60580,eca4,AFSK_Tone_AM
59968,656,4564,65188,fea4,APRS_MicE
59664,656,4564,64884,fd74,APRS_Position
59624,656,4532,64812,fd2c,APRS_Position_LoRa
57112,656,4516,62284,f34c,AX25_Frames
56728,656,4516,61900,f1cc,AX25_Transmit
57216,656,4532,62404,f3c4,AX25_Transmit_AFSK
57936,656,4532,63124,f694,BellModem_Transmit
48528,656,4468,53652,d194,CC1101_Receive_Address
48384,656,4468,53508,d104,CC1101_Receive_Blocking
48456,656,4484,53596,d15c,CC1101_Receive_Interrupt
47712,656,4836,53204,cfd4,CC1101_Settings
47200,656,4468,52324,cc64,CC1101_Transmit_Address
47760,656,4484,52900,cea4,CC1101_Transmit_Blocking
47912,656,4484,53052,cf3c,CC1101_Transmit_Interrupt
55888,704,4548,61140,eed4,FSK4_Transmit
55912,704,4564,61180,eefc,FSK4_Transmit_AFSK
58216,656,4532,63404,f7ac,Hellschreiber_Transmit
58304,656,4532,63492,f804,Hellschreiber_Transmit_AFSK
53872,656,4516,59044,e6a4,LR11x0_Channel_Activity_Detection_Blocking
54048,656,4516,59220,e754,LR11x0_Channel_Activity_Detection_Interrupt
54816,656,4516,59988,ea54,LR11x0_GFSK_Modem
55864,656,4596,61116,eebc,LR11x0_GNSS_Almanac_Update
56016,656,4532,61204,ef14,LR11x0_GNSS_Autonomous_Position
55336,656,4516,60508,ec5c,LR11x0_GNSS_Satellites
53576,656,4516,58748,e57c,LR11x0_LR_FHSS_Modem
55368,656,4532,60556,ec8c,LR11x0_PingPong
55136,656,4516,60308,eb94,LR11x0_Receive_Blocking
55192,656,4516,60364,ebcc,LR11x0_Receive_Interrupt
55240,656,4516,60412,ebfc,LR11x0_Transmit_Blocking
54752,656,4532,59940,ea24,LR11x0_Transmit_Interrupt
56248,656,4516,61420,efec,LR11x0_WiFi_Scan_Blocking
56312,656,4516,61484,f02c,LR11x0_WiFi_Scan_Interrupt
74536,656,6404,81596,13ebc,LoRaWAN_ABP
78760,656,6484,85900,14f8c,LoRaWAN_Class_C
78864,656,6484,86004,14ff4,LoRaWAN_Multicast
76664,656,6404,83724,1470c,LoRaWAN_Reference
74496,656,6404,81556,13e94,LoRaWAN_Starter
76744,656,6916,84316,1495c,LoRaWAN_TS_Packages
56456,656,4580,61692,f0fc,Morse_Receive_AM
58120,656,4564,63340,f76c,Morse_Transmit_AM
58032,656,4564,63252,f714,Morse_Transmit_FM
58000,656,4564,63220,f6f4,Morse_Transmit_SSB
57904,656,4548,63108,f684,Pager_Receive
57784,656,4548,62988,f60c,Pager_Transmit
56736,656,4500,61892,f1c4,PhysicalLayer_Interface
46984,656,4484,52124,cb9c,RF69_Receive_AES
47208,656,4484,52348,cc7c,RF69_Receive_Address
47536,656,4484,52676,cdc4,RF69_Receive_Blocking
47608,656,4484,52748,ce0c,RF69_Receive_Interrupt
47352,656,4836,52844,ce6c,RF69_Settings
46392,656,4484,51532,c94c,RF69_Transmit_AES
46616,656,4484,51756,ca2c,RF69_Transmit_Address
47016,656,4484,52156,cbbc,RF69_Transmit_Blocking
47168,656,4484,52308,cc54,RF69_Transmit_Interrupt
58104,656,4532,63292,f73c,RTTY_Transmit
58128,656,4548,63332,f764,RTTY_Transmit_AFSK
56776,1936,4628,63340,f76c,SSTV_Transmit
56824,1936,4644,63404,f7ac,SSTV_Transmit_AFSK
47112,656,4484,52252,cc1c,SX123x_Receive_Blocking
47224,656,4484,52364,cc8c,SX123x_Transmit_Blocking
57888,656,4564,63108,f684,SX126x_Channel_Activity_Detection_Blocking
58064,656,4564,63284,f734,SX126x_Channel_Activity_Detection_Interrupt
59832,656,4564,65052,fe1c,SX126x_Channel_Activity_Detection_Receive
58976,656,4564,64196,fac4,SX126x_FSK_Modem
59288,656,4564,64508,fbfc,SX126x_LR_FHSS_Transmit_Blocking
58776,656,4580,64012,fa0c,SX126x_LR_FHSS_Transmit_Interrupt
59448,656,4580,64684,fcac,SX126x_PingPong
59488,656,4564,64708,fcc4,SX126x_Receive_Blocking
59560,656,4564,64780,fd0c,SX126x_Receive_Interrupt
59896,656,5012,65564,1001c,SX126x_Settings
60056,656,4564,65276,fefc,SX126x_Spectrum_Scan
60744,656,4564,65964,101ac,SX126x_Spectrum_Scan_Frequency
59312,656,4564,64532,fc14,SX126x_Transmit_Blocking
58768,656,4580,64004,fa04,SX126x_Transmit_Interrupt
55104,656,4500,60260,eb64,SX127x_Channel_Activity_Detection_Blocking
55280,656,4500,60436,ec14,SX127x_Channel_Activity_Detection_Interrupt
57024,656,4500,62180,f2e4,SX127x_Channel_Activity_Detection_Receive
56832,656,4500,61988,f224,SX127x_FSK_Modem
56488,656,4500,61644,f0cc,SX127x_PingPong
56632,656,4500,61788,f15c,SX127x_Receive_Blocking
55312,656,4500,60468,ec34,SX127x_Receive_Direct
56248,688,4500,61436,effc,SX127x_Receive_FHSS
56728,656,4500,61884,f1bc,SX127x_Receive_Interrupt
59136,656,4868,64660,fc94,SX127x_Settings
56352,656,4500,61508,f044,SX127x_Transmit_Blocking
56736,688,4532,61956,f204,SX127x_Transmit_FHSS
56016,656,4500,61172,eef4,SX127x_Transmit_Interrupt
50792,656,4500,55948,da8c,SX128x_BLE_Modem
49480,656,4500,54636,d56c,SX128x_Channel_Activity_Detection_Blocking
49656,656,4500,54812,d61c,SX128x_Channel_Activity_Detection_Interrupt
50816,656,4500,55972,daa4,SX128x_FLRC_Modem
50520,656,4500,55676,d97c,SX128x_GFSK_Modem
51008,656,4500,56164,db64,SX128x_Ranging
51088,656,4500,56244,dbb4,SX128x_Receive_Blocking
51168,656,4500,56324,dc04,SX128x_Receive_Interrupt
50432,656,4884,55972,daa4,SX128x_Settings
50216,656,4500,55372,d84c,SX128x_Transmit_Blocking
50368,656,4516,55540,d8f4,SX128x_Transmit_Interrupt
48120,656,4468,53244,cffc,Si443x_Receive_Blocking
48200,656,4468,53324,d04c,Si443x_Receive_Interrupt
48272,656,4820,53748,d1f4,Si443x_Settings
48280,656,4468,53404,d09c,Si443x_Transmit_Blocking
48408,656,4484,53548,d12c,Si443x_Transmit_Interrupt
55400,656,5012,61068,ee8c,Stream_Receive
56272,656,4532,61460,f014,Stream_Transmit
42472,656,4452,47580,b9dc,nRF24_Receive_Blocking
42552,656,4468,47676,ba3c,nRF24_Receive_Interrupt
42632,656,4468,47756,ba8c,nRF24_Transmit_Blocking
42720,656,4468,47844,bae4,nRF24_Transmit_Interrupt
