text,data,bss,dec,hex,filename
39796,1960,1728,43484,a9dc,AFSK_Imperial_March
39588,1272,1728,42588,a65c,AFSK_Tone
39676,1272,1728,42676,a6b4,AFSK_Tone_AM
45160,1272,1784,48216,bc58,APRS_MicE
44816,1272,1784,47872,bb00,APRS_Position
44744,1272,1752,47768,ba98,APRS_Position_LoRa
41356,1272,1744,44372,ad54,AX25_Frames
40988,1272,1744,44004,abe4,AX25_Transmit
41524,1272,1752,44548,ae04,AX25_Transmit_AFSK
42260,1272,1760,45292,b0ec,BellModem_Transmit
32604,1272,1704,35580,8afc,CC1101_Receive_Address
32468,1272,1704,35444,8a74,CC1101_Receive_Blocking
32532,1272,1712,35516,8abc,CC1101_Receive_Interrupt
31820,1272,2064,35156,8954,CC1101_Settings
31308,1272,1704,34284,85ec,CC1101_Transmit_Address
31844,1272,1712,34828,880c,CC1101_Transmit_Blocking
31972,1272,1720,34964,8894,CC1101_Transmit_Interrupt
40268,1328,1776,43372,a96c,FSK4_Transmit
40300,1328,1784,43412,a994,FSK4_Transmit_AFSK
42556,1272,1752,45580,b20c,Hellschreiber_Transmit
42636,1272,1760,45668,b264,Hellschreiber_Transmit_AFSK
38524,1272,1744,41540,a244,LR11x0_Channel_Activity_Detection_Blocking
38708,1272,1752,41732,a304,LR11x0_Channel_Activity_Detection_Interrupt
39508,1272,1744,42524,a61c,LR11x0_GFSK_Modem
40644,1272,1824,43740,aadc,LR11x0_GNSS_Almanac_Update
40676,1272,1760,43708,aabc,LR11x0_GNSS_Autonomous_Position
39996,1272,1752,43020,a80c,LR11x0_GNSS_Satellites
38244,1272,1744,41260,a12c,LR11x0_LR_FHSS_Modem
40052,1272,1752,43076,a844,LR11x0_PingPong
39812,1272,1744,42828,a74c,LR11x0_Receive_Blocking
39892,1272,1752,42916,a7a4,LR11x0_Receive_Interrupt
39892,1272,1752,42916,a7a4,LR11x0_Transmit_Blocking
39356,1272,1760,42388,a594,LR11x0_Transmit_Interrupt
41052,1272,1744,44068,ac24,LR11x0_WiFi_Scan_Blocking
41116,1272,1752,44140,ac6c,LR11x0_WiFi_Scan_Interrupt
56524,1272,3088,60884,edd4,LoRaWAN_ABP
58700,1272,3104,63076,f664,LoRaWAN_Reference
56468,1272,3104,60844,edac,LoRaWAN_Starter
41096,1280,1800,44176,ac90,Morse_Receive_AM
42720,1280,1792,45792,b2e0,Morse_Transmit_AM
42640,1280,1792,45712,b290,Morse_Transmit_FM
42608,1280,1784,45672,b268,Morse_Transmit_SSB
42244,1280,1768,45292,b0ec,Pager_Receive
42100,1272,1768,45140,b054,Pager_Transmit
41220,1280,1720,44220,acbc,PhysicalLayer_Interface
31356,1272,1712,34340,8624,RF69_Receive_AES
31564,1272,1712,34548,86f4,RF69_Receive_Address
31868,1272,1712,34852,8824,RF69_Receive_Blocking
31948,1272,1720,34940,887c,RF69_Receive_Interrupt
31708,1272,2080,35060,88f4,RF69_Settings
30756,1272,1712,33740,83cc,RF69_Transmit_AES
30972,1272,1712,33956,84a4,RF69_Transmit_Address
31348,1272,1720,34340,8624,RF69_Transmit_Blocking
31484,1272,1728,34484,86b4,RF69_Transmit_Interrupt
42492,1272,1760,45524,b1d4,RTTY_Transmit
42524,1272,1768,45564,b1fc,RTTY_Transmit_AFSK
41140,2552,1856,45548,b1ec,SSTV_Transmit
41188,2552,1864,45604,b224,SSTV_Transmit_AFSK
31404,1272,1712,34388,8654,SX123x_Receive_Blocking
31492,1272,1720,34484,86b4,SX123x_Transmit_Blocking
41692,1272,1784,44748,aecc,SX126x_Channel_Activity_Detection_Blocking
41860,1272,1792,44924,af7c,SX126x_Channel_Activity_Detection_Interrupt
43668,1272,1792,46732,b68c,SX126x_Channel_Activity_Detection_Receive
42820,1272,1784,45876,b334,SX126x_FSK_Modem
41988,1272,1784,45044,aff4,SX126x_LR_FHSS_Modem
43220,1272,1792,46284,b4cc,SX126x_PingPong
43324,1272,1784,46380,b52c,SX126x_Receive_Blocking
43396,1272,1792,46460,b57c,SX126x_Receive_Interrupt
43516,1272,2224,47012,b7a4,SX126x_Settings
43828,1272,1784,46884,b724,SX126x_Spectrum_Scan
44524,1272,1784,47580,b9dc,SX126x_Spectrum_Scan_Frequency
43052,1272,1792,46116,b424,SX126x_Transmit_Blocking
42516,1272,1800,45588,b214,SX126x_Transmit_Interrupt
39372,1272,1720,42364,a57c,SX127x_Channel_Activity_Detection_Blocking
39548,1272,1720,42540,a62c,SX127x_Channel_Activity_Detection_Interrupt
41548,1272,1728,44548,ae04,SX127x_Channel_Activity_Detection_Receive
41060,1272,1720,44052,ac14,SX127x_FSK_Modem
40916,1272,1728,43916,ab8c,SX127x_PingPong
41188,1272,1720,44180,ac94,SX127x_Receive_Blocking
39540,1272,1720,42532,a624,SX127x_Receive_Direct
40508,1304,1728,43540,aa14,SX127x_Receive_FHSS
41284,1272,1720,44276,acf4,SX127x_Receive_Interrupt
43284,1272,2088,46644,b634,SX127x_Settings
40748,1272,1720,43740,aadc,SX127x_Transmit_Blocking
40932,1304,1752,43988,abd4,SX127x_Transmit_FHSS
40212,1272,1728,43212,a8cc,SX127x_Transmit_Interrupt
33940,1272,1720,36932,9044,SX128x_BLE_Modem
32620,1272,1720,35612,8b1c,SX128x_Channel_Activity_Detection_Blocking
32804,1272,1720,35796,8bd4,SX128x_Channel_Activity_Detection_Interrupt
33916,1272,1720,36908,902c,SX128x_FLRC_Modem
33644,1272,1720,36636,8f1c,SX128x_GFSK_Modem
34492,1272,1720,37484,926c,SX128x_Ranging
34508,1272,1720,37500,927c,SX128x_Receive_Blocking
34596,1272,1720,37588,92d4,SX128x_Receive_Interrupt
33516,1272,2088,36876,900c,SX128x_Settings
33308,1272,1720,36300,8dcc,SX128x_Transmit_Blocking
33452,1272,1728,36452,8e64,SX128x_Transmit_Interrupt
32716,1272,1704,35692,8b6c,Si443x_Receive_Blocking
32804,1272,1704,35780,8bc4,Si443x_Receive_Interrupt
32876,1272,2056,36204,8d6c,Si443x_Settings
32852,1272,1704,35828,8bf4,Si443x_Transmit_Blocking
32964,1272,1712,35948,8c6c,Si443x_Transmit_Interrupt
39652,1272,2240,43164,a89c,Stream_Receive
40508,1272,1752,43532,aa0c,Stream_Transmit
25956,1272,1688,28916,70f4,nRF24_Receive_Blocking
26044,1272,1696,29012,7154,nRF24_Receive_Interrupt
26084,1272,1696,29052,717c,nRF24_Transmit_Blocking
26172,1272,1704,29148,71dc,nRF24_Transmit_Interrupt
