text,data,bss,dec,hex,filename
41728,852,3396,45976,b398,AFSK_Imperial_March
41488,164,3396,45048,aff8,AFSK_Tone
41584,164,3396,45144,b058,AFSK_Tone_AM
47068,164,3452,50684,c5fc,APRS_MicE
46864,164,3452,50480,c530,APRS_Position
46724,164,3420,50308,c484,APRS_Position_LoRa
43276,164,3412,46852,b704,AX25_Frames
42900,164,3412,46476,b58c,AX25_Transmit
43416,164,3420,47000,b798,AX25_Transmit_AFSK
44160,164,3428,47752,ba88,BellModem_Transmit
32260,164,3372,35796,8bd4,CC1101_Receive_Address
32124,164,3372,35660,8b4c,CC1101_Receive_Blocking
32196,164,3372,35732,8b94,CC1101_Receive_Interrupt
31768,164,3732,35664,8b50,CC1101_Settings
31264,164,3372,34800,87f0,CC1101_Transmit_Address
31800,164,3372,35336,8a08,CC1101_Transmit_Blocking
31940,164,3380,35484,8a9c,CC1101_Transmit_Interrupt
42092,216,3448,45756,b2bc,FSK4_Transmit
42116,216,3456,45788,b2dc,FSK4_Transmit_AFSK
44420,164,3428,48012,bb8c,Hellschreiber_Transmit
44484,164,3436,48084,bbd4,Hellschreiber_Transmit_AFSK
39400,164,3412,42976,a7e0,LR11x0_Channel_Activity_Detection_Blocking
39584,164,3420,43168,a8a0,LR11x0_Channel_Activity_Detection_Interrupt
40416,164,3412,43992,abd8,LR11x0_GFSK_Modem
41300,164,3492,44956,af9c,LR11x0_GNSS_Almanac_Update
41240,164,3428,44832,af20,LR11x0_GNSS_Autonomous_Position
40856,164,3420,44440,ad98,LR11x0_GNSS_Satellites
39128,164,3412,42704,a6d0,LR11x0_LR_FHSS_Modem
40616,164,3420,44200,aca8,LR11x0_PingPong
40392,164,3412,43968,abc0,LR11x0_Receive_Blocking
40452,164,3420,44036,ac04,LR11x0_Receive_Interrupt
40484,164,3420,44068,ac24,LR11x0_Transmit_Blocking
40248,164,3428,43840,ab40,LR11x0_Transmit_Interrupt
41456,164,3412,45032,afe8,LR11x0_WiFi_Scan_Blocking
41528,164,3420,45112,b038,LR11x0_WiFi_Scan_Interrupt
63792,364,5288,69444,10f44,LoRaWAN_ABP
66332,364,5368,72064,11980,LoRaWAN_Class_C
66420,364,5376,72160,119e0,LoRaWAN_Multicast
65616,364,5304,71284,11674,LoRaWAN_Reference
63716,364,5304,69384,10f08,LoRaWAN_Starter
65640,372,5816,71828,11894,LoRaWAN_TS_Packages
42840,164,3468,46472,b588,Morse_Receive_AM
44564,164,3460,48188,bc3c,Morse_Transmit_AM
44476,164,3460,48100,bbe4,Morse_Transmit_FM
44444,164,3452,48060,bbbc,Morse_Transmit_SSB
44024,168,3440,47632,ba10,Pager_Receive
43864,164,3444,47472,b970,Pager_Transmit
42808,168,3392,46368,b520,PhysicalLayer_Interface
33224,164,3372,36760,8f98,RF69_Receive_AES
33436,164,3372,36972,906c,RF69_Receive_Address
33452,164,3372,36988,907c,RF69_Receive_Blocking
33512,164,3380,37056,90c0,RF69_Receive_Interrupt
33576,164,3740,37480,9268,RF69_Settings
32648,164,3372,36184,8d58,RF69_Transmit_AES
32860,164,3372,36396,8e2c,RF69_Transmit_Address
33232,164,3380,36776,8fa8,RF69_Transmit_Blocking
33372,164,3388,36924,903c,RF69_Transmit_Interrupt
44364,164,3436,47964,bb5c,RTTY_Transmit
44388,164,3444,47996,bb7c,RTTY_Transmit_AFSK
43024,1444,3524,47992,bb78,SSTV_Transmit
43056,1444,3532,48032,bba0,SSTV_Transmit_AFSK
33336,164,3380,36880,9010,SX123x_Receive_Blocking
33424,164,3380,36968,9068,SX123x_Transmit_Blocking
42764,164,3460,46388,b534,SX126x_Channel_Activity_Detection_Blocking
42944,164,3460,46568,b5e8,SX126x_Channel_Activity_Detection_Interrupt
44388,164,3460,48012,bb8c,SX126x_Channel_Activity_Detection_Receive
43928,164,3460,47552,b9c0,SX126x_FSK_Modem
43836,164,3460,47460,b964,SX126x_LR_FHSS_Transmit_Blocking
43624,164,3468,47256,b898,SX126x_LR_FHSS_Transmit_Interrupt
43980,164,3468,47612,b9fc,SX126x_PingPong
44032,164,3460,47656,ba28,SX126x_Receive_Blocking
44092,164,3460,47716,ba64,SX126x_Receive_Interrupt
44700,164,3908,48772,be84,SX126x_Settings
44868,164,3460,48492,bd6c,SX126x_Spectrum_Scan
45280,164,3460,48904,bf08,SX126x_Spectrum_Scan_Frequency
43848,164,3460,47472,b970,SX126x_Transmit_Blocking
43612,164,3468,47244,b88c,SX126x_Transmit_Interrupt
41288,164,3388,44840,af28,SX127x_Channel_Activity_Detection_Blocking
41460,164,3396,45020,afdc,SX127x_Channel_Activity_Detection_Interrupt
43068,164,3396,46628,b624,SX127x_Channel_Activity_Detection_Receive
43012,164,3388,46564,b5e4,SX127x_FSK_Modem
42532,164,3396,46092,b40c,SX127x_PingPong
42696,164,3388,46248,b4a8,SX127x_Receive_Blocking
41444,164,3388,44996,afc4,SX127x_Receive_Direct
42420,192,3400,46012,b3bc,SX127x_Receive_FHSS
42784,164,3396,46344,b508,SX127x_Receive_Interrupt
45312,164,3772,49248,c060,SX127x_Settings
42396,164,3396,45956,b384,SX127x_Transmit_Blocking
42892,192,3416,46500,b5a4,SX127x_Transmit_FHSS
42156,164,3404,45724,b29c,SX127x_Transmit_Interrupt
36468,164,3396,40028,9c5c,SX128x_BLE_Modem
35156,164,3396,38716,973c,SX128x_Channel_Activity_Detection_Blocking
35332,164,3396,38892,97ec,SX128x_Channel_Activity_Detection_Interrupt
36476,164,3396,40036,9c64,SX128x_FLRC_Modem
36192,164,3396,39752,9b48,SX128x_GFSK_Modem
36412,164,3396,39972,9c24,SX128x_Ranging
36424,164,3396,39984,9c30,SX128x_Receive_Blocking
36492,164,3396,40052,9c74,SX128x_Receive_Interrupt
36020,164,3780,39964,9c1c,SX128x_Settings
35856,164,3396,39416,99f8,SX128x_Transmit_Blocking
35996,164,3404,39564,9a8c,SX128x_Transmit_Interrupt
34112,164,3364,37640,9308,Si443x_Receive_Blocking
34176,164,3372,37712,9350,Si443x_Receive_Interrupt
34256,164,3724,38144,9500,Si443x_Settings
34248,164,3372,37784,9398,Si443x_Transmit_Blocking
34364,164,3380,37908,9414,Si443x_Transmit_Interrupt
41552,164,3916,45632,b240,Stream_Receive
42424,164,3420,46008,b3b8,Stream_Transmit
28884,164,3356,32404,7e94,nRF24_Receive_Blocking
28964,164,3356,32484,7ee4,nRF24_Receive_Interrupt
29036,164,3356,32556,7f2c,nRF24_Transmit_Blocking
29120,164,3364,32648,7f88,nRF24_Transmit_Interrupt
