text,data,bss,dec,hex,filename
53608,1220,48444,103272,19368,AFSK_Imperial_March
53448,532,49132,103112,192c8,AFSK_Tone
53544,532,49132,103208,19328,AFSK_Tone_AM
59372,532,49132,109036,1a9ec,APRS_MicE
59068,532,49132,108732,1a8bc,APRS_Position
59004,532,49132,108668,1a87c,APRS_Position_LoRa
55608,532,49132,105272,19b38,AX25_Frames
55176,532,49132,104840,19988,AX25_Transmit
55728,532,49132,105392,19bb0,AX25_Transmit_AFSK
56648,532,49132,106312,19f48,BellModem_Transmit
44500,532,49132,94164,16fd4,CC1101_Receive_Address
44372,532,49132,94036,16f54,CC1101_Receive_Blocking
44388,532,49132,94052,16f64,CC1101_Receive_Interrupt
42592,532,49132,92256,16860,CC1101_Settings
41968,532,49132,91632,165f0,CC1101_Transmit_Address
42480,532,49132,92144,167f0,CC1101_Transmit_Blocking
42816,532,49132,92480,16940,CC1101_Transmit_Interrupt
54120,584,49080,103784,19568,FSK4_Transmit
54152,584,49080,103816,19588,FSK4_Transmit_AFSK
56944,532,49132,106608,1a070,Hellschreiber_Transmit
57024,532,49132,106688,1a0c0,Hellschreiber_Transmit_AFSK
47424,532,49132,97088,17b40,LR11x0_Channel_Activity_Detection_Blocking
47632,532,49132,97296,17c10,LR11x0_Channel_Activity_Detection_Interrupt
48496,532,49132,98160,17f70,LR11x0_GFSK_Modem
49488,532,49132,99152,18350,LR11x0_GNSS_Almanac_Update
51156,532,49132,100820,189d4,LR11x0_GNSS_Autonomous_Position
49152,532,49132,98816,18200,LR11x0_GNSS_Satellites
47344,532,49132,97008,17af0,LR11x0_LR_FHSS_Modem
50308,532,49132,99972,18684,LR11x0_PingPong
49956,532,49132,99620,18524,LR11x0_Receive_Blocking
50004,532,49132,99668,18554,LR11x0_Receive_Interrupt
50052,532,49132,99716,18584,LR11x0_Transmit_Blocking
48480,532,49132,98144,17f60,LR11x0_Transmit_Interrupt
51236,532,49132,100900,18a24,LR11x0_WiFi_Scan_Blocking
51348,532,49132,101012,18a94,LR11x0_WiFi_Scan_Interrupt
82872,532,49132,132536,205b8,LoRaWAN_ABP
87188,532,49132,136852,21694,LoRaWAN_Class_C
87044,532,49132,136708,21604,LoRaWAN_Multicast
87788,532,49132,137452,218ec,LoRaWAN_Reference
82760,532,49132,132424,20548,LoRaWAN_Starter
86460,540,49124,136124,213bc,LoRaWAN_TS_Packages
54704,532,49132,104368,197b0,Morse_Receive_AM
56856,532,49132,106520,1a018,Morse_Transmit_AM
56776,532,49132,106440,19fc8,Morse_Transmit_FM
56728,532,49132,106392,19f98,Morse_Transmit_SSB
56296,536,49128,105960,19de8,Pager_Receive
56440,532,49132,106104,19e78,Pager_Transmit
56348,536,49128,106012,19e1c,PhysicalLayer_Interface
41816,532,49132,91480,16558,RF69_Receive_AES
42056,532,49132,91720,16648,RF69_Receive_Address
43660,532,49132,93324,16c8c,RF69_Receive_Blocking
43676,532,49132,93340,16c9c,RF69_Receive_Interrupt
42760,532,49132,92424,16908,RF69_Settings
41336,532,49132,91000,16378,RF69_Transmit_AES
41560,532,49132,91224,16458,RF69_Transmit_Address
41912,532,49132,91576,165b8,RF69_Transmit_Blocking
42264,532,49132,91928,16718,RF69_Transmit_Interrupt
56920,532,49132,106584,1a058,RTTY_Transmit
56936,532,49132,106600,1a068,RTTY_Transmit_AFSK
55408,1812,47852,105072,19a70,SSTV_Transmit
55408,1812,47852,105072,19a70,SSTV_Transmit_AFSK
42008,532,49132,91672,16618,SX123x_Receive_Blocking
42184,532,49132,91848,166c8,SX123x_Transmit_Blocking
54328,532,49132,103992,19638,SX126x_Channel_Activity_Detection_Blocking
54488,532,49132,104152,196d8,SX126x_Channel_Activity_Detection_Interrupt
57524,532,49132,107188,1a2b4,SX126x_Channel_Activity_Detection_Receive
55592,532,49132,105256,19b28,SX126x_FSK_Modem
56932,532,49132,106596,1a064,SX126x_LR_FHSS_Transmit_Blocking
55400,532,49132,105064,19a68,SX126x_LR_FHSS_Transmit_Interrupt
57156,532,49132,106820,1a144,SX126x_PingPong
57220,532,49132,106884,1a184,SX126x_Receive_Blocking
57236,532,49132,106900,1a194,SX126x_Receive_Interrupt
56632,532,49132,106296,19f38,SX126x_Settings
56872,532,49132,106536,1a028,SX126x_Spectrum_Scan
58900,532,49132,108564,1a814,SX126x_Spectrum_Scan_Frequency
56948,532,49132,106612,1a074,SX126x_Transmit_Blocking
55400,532,49132,105064,19a68,SX126x_Transmit_Interrupt
53240,532,49132,102904,191f8,SX127x_Channel_Activity_Detection_Blocking
53480,532,49132,103144,192e8,SX127x_Channel_Activity_Detection_Interrupt
56620,532,49132,106284,19f2c,SX127x_Channel_Activity_Detection_Receive
55368,532,49132,105032,19a48,SX127x_FSK_Modem
56124,532,49132,105788,19d3c,SX127x_PingPong
56172,532,49132,105836,19d6c,SX127x_Receive_Blocking
53592,532,49132,103256,19358,SX127x_Receive_Direct
54392,560,49104,104056,19678,SX127x_Receive_FHSS
56236,532,49132,105900,19dac,SX127x_Receive_Interrupt
58632,532,49132,108296,1a708,SX127x_Settings
55884,532,49132,105548,19c4c,SX127x_Transmit_Blocking
55048,560,49104,104712,19908,SX127x_Transmit_FHSS
54312,532,49132,103976,19628,SX127x_Transmit_Interrupt
44624,532,49132,94288,17050,SX128x_BLE_Modem
43968,532,49132,93632,16dc0,SX128x_Channel_Activity_Detection_Blocking
44176,532,49132,93840,16e90,SX128x_Channel_Activity_Detection_Interrupt
44608,532,49132,94272,17040,SX128x_FLRC_Modem
44032,532,49132,93696,16e00,SX128x_GFSK_Modem
48148,532,49132,97812,17e14,SX128x_Ranging
47692,532,49132,97356,17c4c,SX128x_Receive_Blocking
47724,532,49132,97388,17c6c,SX128x_Receive_Interrupt
44992,532,49132,94656,171c0,SX128x_Settings
44688,532,49132,94352,17090,SX128x_Transmit_Blocking
45024,532,49132,94688,171e0,SX128x_Transmit_Interrupt
42680,532,49132,92344,168b8,Si443x_Receive_Blocking
42696,532,49132,92360,168c8,Si443x_Receive_Interrupt
42872,532,49132,92536,16978,Si443x_Settings
42920,532,49132,92584,169a8,Si443x_Transmit_Blocking
43224,532,49132,92888,16ad8,Si443x_Transmit_Interrupt
53768,532,49132,103432,19408,Stream_Receive
54328,532,49132,103992,19638,Stream_Transmit
37832,532,49132,87496,155c8,nRF24_Receive_Blocking
37880,532,49132,87544,155f8,nRF24_Receive_Interrupt
38072,532,49132,87736,156b8,nRF24_Transmit_Blocking
38328,532,49132,87992,157b8,nRF24_Transmit_Interrupt
