text,data,bss,dec,hex,filename
222521,102656,6113,331290,50e1a,AFSK_Imperial_March
222385,101952,6113,330450,50ad2,AFSK_Tone
222469,102012,6113,330594,50b62,AFSK_Tone_AM
226205,102128,6169,334502,51aa6,APRS_MicE
225665,102384,6169,334218,5198a,APRS_Position
225813,102100,6137,334050,518e2,APRS_Position_LoRa
224221,102144,6129,332494,512ce,AX25_Frames
223805,102000,6129,331934,5109e,AX25_Transmit
224313,102048,6137,332498,512d2,AX25_Transmit_AFSK
225017,102284,6145,333446,51686,BellModem_Transmit
216529,101944,6081,324554,4f3ca,CC1101_Receive_Address
216413,101912,6081,324406,4f336,CC1101_Receive_Blocking
216521,101912,6089,324522,4f3aa,CC1101_Receive_Interrupt
215565,102200,6449,324214,4f276,CC1101_Settings
215357,101808,6081,323246,4eeae,CC1101_Transmit_Address
215641,101804,6089,323534,4efce,CC1101_Transmit_Blocking
215733,101876,6097,323706,4f07a,CC1101_Transmit_Interrupt
222969,102016,6161,331146,50d8a,FSK4_Transmit
223001,102016,6169,331186,50db2,FSK4_Transmit_AFSK
224965,102584,6137,333686,51776,Hellschreiber_Transmit
225053,102600,6145,333798,517e6,Hellschreiber_Transmit_AFSK
221293,102192,6129,329614,5078e,LR11x0_Channel_Activity_Detection_Blocking
221461,102252,6129,329842,50872,LR11x0_Channel_Activity_Detection_Interrupt
221857,347452,6129,575438,8c7ce,LR11x0_Firmware_Update
222285,102348,6129,330762,50c0a,LR11x0_GFSK_Modem
223273,102520,6209,332002,510e2,LR11x0_GNSS_Almanac_Update
223265,102372,6145,331782,51006,LR11x0_GNSS_Autonomous_Position
222689,102428,6129,331246,50dee,LR11x0_GNSS_Satellites
221141,102096,6129,329366,50696,LR11x0_LR_FHSS_Modem
222669,102380,6137,331186,50db2,LR11x0_PingPong
222441,102312,6129,330882,50c82,LR11x0_Receive_Blocking
222537,102312,6129,330978,50ce2,LR11x0_Receive_Interrupt
222241,102228,6129,330598,50b66,LR11x0_Transmit_Blocking
221833,102276,6137,330246,50a06,LR11x0_Transmit_Interrupt
223461,102364,6129,331954,510b2,LR11x0_WiFi_Scan_Blocking
223513,102412,6129,332054,51116,LR11x0_WiFi_Scan_Interrupt
240065,104320,7993,352378,5607a,LoRaWAN_ABP
244197,104856,8081,357134,5730e,LoRaWAN_Class_C
244305,104824,8089,357218,57362,LoRaWAN_Multicast
241797,104852,8009,354658,56962,LoRaWAN_Reference
240021,104336,8009,352366,5606e,LoRaWAN_Starter
242105,103980,8521,354606,5692e,LoRaWAN_TS_Packages
223465,102048,6177,331690,50faa,Morse_Receive_AM
225205,102372,6177,333754,517ba,Morse_Transmit_AM
225121,102312,6177,333610,5172a,Morse_Transmit_FM
225085,102312,6169,333566,516fe,Morse_Transmit_SSB
225133,102176,6153,333462,51696,Pager_Receive
224989,102080,6153,333222,515a6,Pager_Transmit
223769,102236,6105,332110,5114e,PhysicalLayer_Interface
214873,101764,6089,322726,4eca6,RF69_Receive_AES
215033,101840,6089,322962,4ed92,RF69_Receive_Address
215237,101772,6089,323098,4ee1a,RF69_Receive_Blocking
215365,101800,6089,323254,4eeb6,RF69_Receive_Interrupt
214821,102260,6457,323538,4efd2,RF69_Settings
214305,101696,6089,322090,4ea2a,RF69_Transmit_AES
214465,101788,6089,322342,4eb26,RF69_Transmit_Address
214609,101708,6089,322406,4eb66,RF69_Transmit_Blocking
214701,101780,6097,322578,4ec12,RF69_Transmit_Interrupt
225217,102248,6145,333610,5172a,RTTY_Transmit
225257,102248,6153,333658,5175a,RTTY_Transmit_AFSK
223785,103420,6241,333446,51686,SSTV_Transmit
223841,103420,6249,333510,516c6,SSTV_Transmit_AFSK
214701,101988,6089,322778,4ecda,SX123x_Receive_Blocking
214513,101948,6097,322558,4ebfe,SX123x_Transmit_Blocking
225145,102224,6169,333538,516e2,SX126x_Channel_Activity_Detection_Blocking
225313,102284,6177,333774,517ce,SX126x_Channel_Activity_Detection_Interrupt
226881,102512,6177,335570,51ed2,SX126x_Channel_Activity_Detection_Receive
226129,102556,6169,334854,51c06,SX126x_FSK_Modem
226089,102260,6177,334526,51abe,SX126x_LR_FHSS_Transmit_Blocking
225709,102308,6185,334202,5197a,SX126x_LR_FHSS_Transmit_Interrupt
226525,102412,6177,335114,51d0a,SX126x_PingPong
226569,102388,6169,335126,51d16,SX126x_Receive_Blocking
226665,102404,6177,335246,51d8e,SX126x_Receive_Interrupt
226405,102968,6625,335998,5207e,SX126x_Settings
225741,103836,6169,335746,51f82,SX126x_Spectrum_Scan
226285,103848,6169,336302,521ae,SX126x_Spectrum_Scan_Frequency
226093,102260,6177,334530,51ac2,SX126x_Transmit_Blocking
225685,102308,6185,334178,51962,SX126x_Transmit_Interrupt
222109,101984,6105,330198,509d6,SX127x_Channel_Activity_Detection_Blocking
222297,102000,6105,330402,50aa2,SX127x_Channel_Activity_Detection_Interrupt
224033,102288,6105,332426,5128a,SX127x_Channel_Activity_Detection_Receive
223429,102540,6105,332074,5112a,SX127x_FSK_Modem
223509,102172,6113,331794,51012,SX127x_PingPong
223685,102164,6105,331954,510b2,SX127x_Receive_Blocking
222357,101964,6105,330426,50aba,SX127x_Receive_Direct
223225,102224,6113,331562,50f2a,SX127x_Receive_FHSS
223785,102196,6105,332086,51136,SX127x_Receive_Interrupt
225481,102648,6489,334618,51b1a,SX127x_Settings
223077,102020,6105,331202,50dc2,SX127x_Transmit_Blocking
223253,102480,6137,331870,5105e,SX127x_Transmit_FHSS
222673,102068,6113,330854,50c66,SX127x_Transmit_Interrupt
217673,102480,6105,326258,4fa72,SX128x_BLE_Modem
216545,102192,6105,324842,4f4ea,SX128x_Channel_Activity_Detection_Blocking
216713,102268,6113,325094,4f5e6,SX128x_Channel_Activity_Detection_Interrupt
217737,102524,6105,326366,4fade,SX128x_FLRC_Modem
217385,102524,6105,326014,4f97e,SX128x_GFSK_Modem
217925,102216,6105,326246,4fa66,SX128x_Ranging
217985,102372,6105,326462,4fb3e,SX128x_Receive_Blocking
218093,102372,6113,326578,4fbb2,SX128x_Receive_Interrupt
217201,102520,6497,326218,4fa4a,SX128x_Settings
216989,102204,6113,325306,4f6ba,SX128x_Transmit_Blocking
217085,102276,6121,325482,4f76a,SX128x_Transmit_Interrupt
215681,101988,6081,323750,4f0a6,Si443x_Receive_Blocking
215789,101988,6081,323858,4f112,Si443x_Receive_Interrupt
215481,102392,6441,324314,4f2da,Si443x_Settings
215541,101964,6081,323586,4f002,Si443x_Transmit_Blocking
215617,102020,6089,323726,4f08e,Si443x_Transmit_Interrupt
222421,102012,6625,331058,50d32,Stream_Receive
222485,102532,6137,331154,50d92,Stream_Transmit
212537,101808,6065,320410,4e39a,nRF24_Receive_Blocking
212637,101840,6073,320550,4e426,nRF24_Receive_Interrupt
212353,101772,6073,320198,4e2c6,nRF24_Transmit_Blocking
212445,101856,6081,320382,4e37e,nRF24_Transmit_Interrupt
