text,data,bss,dec,hex,filename
117933,0,39948,157881,268b9,AFSK_Imperial_March
117110,0,39948,157058,26582,AFSK_Tone
117205,0,39948,157153,265e1,AFSK_Tone_AM
121034,0,40004,161038,2750e,APRS_MicE
120742,0,40004,160746,273ea,APRS_Position
120698,0,39972,160670,2739e,APRS_Position_LoRa
118891,0,39964,158855,26c87,AX25_Frames
118519,0,39964,158483,26b13,AX25_Transmit
119012,0,39972,158984,26d08,AX25_Transmit_AFSK
119645,0,39980,159625,26f89,BellModem_Transmit
110413,0,39916,150329,24b39,CC1101_Receive_Address
110267,0,39916,150183,24aa7,CC1101_Receive_Blocking
110345,0,39916,150261,24af5,CC1101_Receive_Interrupt
109714,0,40276,149990,249e6,CC1101_Settings
109200,0,39916,149116,2467c,CC1101_Transmit_Address
109651,0,39924,149575,24847,CC1101_Transmit_Blocking
109803,0,39924,149727,248df,CC1101_Transmit_Interrupt
117737,0,39996,157733,26825,FSK4_Transmit
117765,0,40004,157769,26849,FSK4_Transmit_AFSK
119941,0,39972,159913,270a9,Hellschreiber_Transmit
120021,0,39980,160001,27101,Hellschreiber_Transmit_AFSK
116034,0,39964,155998,2615e,LR11x0_Channel_Activity_Detection_Blocking
116207,0,39964,156171,2620b,LR11x0_Channel_Activity_Detection_Interrupt
361714,0,39964,401678,6210e,LR11x0_Firmware_Update
116828,0,39964,156792,26478,LR11x0_GFSK_Modem
117968,0,40044,158012,2693c,LR11x0_GNSS_Almanac_Update
118177,0,39980,158157,269cd,LR11x0_GNSS_Autonomous_Position
117453,0,39964,157417,266e9,LR11x0_GNSS_Satellites
115735,0,39964,155699,26033,LR11x0_LR_FHSS_Modem
117441,0,39964,157405,266dd,LR11x0_PingPong
117203,0,39964,157167,265ef,LR11x0_Receive_Blocking
117269,0,39964,157233,26631,LR11x0_Receive_Interrupt
117327,0,39964,157291,2666b,LR11x0_Transmit_Blocking
116803,0,39972,156775,26467,LR11x0_Transmit_Interrupt
118312,0,39964,158276,26a44,LR11x0_WiFi_Scan_Blocking
118377,0,39964,158341,26a85,LR11x0_WiFi_Scan_Interrupt
136015,0,41820,177835,2b6ab,LoRaWAN_ABP
140326,0,41900,182226,2c7d2,LoRaWAN_Class_C
140433,0,41908,182341,2c845,LoRaWAN_Multicast
138155,0,41828,179983,2bf0f,LoRaWAN_Reference
135978,0,41828,177806,2b68e,LoRaWAN_Starter
137460,0,42348,179808,2be60,LoRaWAN_TS_Packages
118272,0,40012,158284,26a4c,Morse_Receive_AM
119862,0,40012,159874,27082,Morse_Transmit_AM
119771,0,40012,159783,27027,Morse_Transmit_FM
119745,0,40004,159749,27005,Morse_Transmit_SSB
119620,0,39988,159608,26f78,Pager_Receive
119584,0,39988,159572,26f54,Pager_Transmit
118410,0,39940,158350,26a8e,PhysicalLayer_Interface
108757,0,39924,148681,244c9,RF69_Receive_AES
108986,0,39924,148910,245ae,RF69_Receive_Address
109341,0,39924,149265,24711,RF69_Receive_Blocking
109421,0,39924,149345,24761,RF69_Receive_Interrupt
109256,0,40284,149540,24824,RF69_Settings
108289,0,39924,148213,242f5,RF69_Transmit_AES
108518,0,39924,148442,243da,RF69_Transmit_Address
108809,0,39924,148733,244fd,RF69_Transmit_Blocking
108959,0,39932,148891,2459b,RF69_Transmit_Interrupt
119845,0,39980,159825,27051,RTTY_Transmit
119871,0,39988,159859,27073,RTTY_Transmit_AFSK
119846,0,40076,159922,270b2,SSTV_Transmit
119888,0,40084,159972,270e4,SSTV_Transmit_AFSK
108891,0,39924,148815,2454f,SX123x_Receive_Blocking
109015,0,39932,148947,245d3,SX123x_Transmit_Blocking
119725,0,40004,159729,26ff1,SX126x_Channel_Activity_Detection_Blocking
119898,0,40004,159902,2709e,SX126x_Channel_Activity_Detection_Interrupt
121572,0,40004,161576,27728,SX126x_Channel_Activity_Detection_Receive
120688,0,40004,160692,273b4,SX126x_FSK_Modem
121054,0,40012,161066,2752a,SX126x_LR_FHSS_Transmit_Blocking
120502,0,40012,160514,27302,SX126x_LR_FHSS_Transmit_Interrupt
121196,0,40012,161208,275b8,SX126x_PingPong
121225,0,40004,161229,275cd,SX126x_Receive_Blocking
121295,0,40004,161299,27613,SX126x_Receive_Interrupt
121734,0,40452,162186,2798a,SX126x_Settings
121903,0,40004,161907,27873,SX126x_Spectrum_Scan
122623,0,40004,162627,27b43,SX126x_Spectrum_Scan_Frequency
121074,0,40012,161086,2753e,SX126x_Transmit_Blocking
120498,0,40012,160510,272fe,SX126x_Transmit_Interrupt
116888,0,39940,156828,2649c,SX127x_Channel_Activity_Detection_Blocking
117064,0,39940,157004,2654c,SX127x_Channel_Activity_Detection_Interrupt
118697,0,39940,158637,26bad,SX127x_Channel_Activity_Detection_Receive
118436,0,39940,158376,26aa8,SX127x_FSK_Modem
118162,0,39940,158102,26996,SX127x_PingPong
118310,0,39940,158250,26a2a,SX127x_Receive_Blocking
117060,0,39940,157000,26548,SX127x_Receive_Direct
117944,0,39940,157884,268bc,SX127x_Receive_FHSS
118409,0,39940,158349,26a8d,SX127x_Receive_Interrupt
120962,0,40316,161278,275fe,SX127x_Settings
118048,0,39940,157988,26924,SX127x_Transmit_Blocking
118444,0,39964,158408,26ac8,SX127x_Transmit_FHSS
117688,0,39948,157636,267c4,SX127x_Transmit_Interrupt
112412,0,39940,152352,25320,SX128x_BLE_Modem
111221,0,39940,151161,24e79,SX128x_Channel_Activity_Detection_Blocking
111398,0,39940,151338,24f2a,SX128x_Channel_Activity_Detection_Interrupt
112444,0,39940,152384,25340,SX128x_FLRC_Modem
112136,0,39940,152076,2520c,SX128x_GFSK_Modem
112794,0,39940,152734,2549e,SX128x_Ranging
112725,0,39940,152665,25459,SX128x_Receive_Blocking
112807,0,39940,152747,254ab,SX128x_Receive_Interrupt
112185,0,40324,152509,253bd,SX128x_Settings
111846,0,39948,151794,250f2,SX128x_Transmit_Blocking
111998,0,39948,151946,2518a,SX128x_Transmit_Interrupt
109717,0,39916,149633,24881,Si443x_Receive_Blocking
109796,0,39916,149712,248d0,Si443x_Receive_Interrupt
110000,0,40268,150268,24afc,Si443x_Settings
109898,0,39916,149814,24936,Si443x_Transmit_Blocking
110017,0,39924,149941,249b5,Si443x_Transmit_Interrupt
117181,0,40452,157633,267c1,Stream_Receive
117964,0,39964,157928,268e8,Stream_Transmit
105745,0,39900,145645,238ed,nRF24_Receive_Blocking
105828,0,39900,145728,23940,nRF24_Receive_Interrupt
105915,0,39908,145823,2399f,nRF24_Transmit_Blocking
106007,0,39908,145915,239fb,nRF24_Transmit_Interrupt
