text,data,bss,dec,hex,filename
64028,940,14072,79040,134c0,AFSK_Imperial_March
63800,252,14072,78124,1312c,AFSK_Tone
63884,252,14072,78208,13180,AFSK_Tone_AM
76232,616,14124,90972,1635c,APRS_MicE
76040,616,14124,90780,1629c,APRS_Position
75864,616,14092,90572,161cc,APRS_Position_LoRa
65544,252,14088,79884,1380c,AX25_Frames
65176,252,14088,79516,1369c,AX25_Transmit
65700,252,14096,80048,138b0,AX25_Transmit_AFSK
66464,252,14104,80820,13bb4,BellModem_Transmit
56972,252,14044,71268,11664,CC1101_Receive_Address
56844,252,14044,71140,115e4,CC1101_Receive_Blocking
56908,252,14048,71208,11628,CC1101_Receive_Interrupt
56376,252,14404,71032,11578,CC1101_Settings
55868,252,14044,70164,11214,CC1101_Transmit_Address
56400,252,14048,70700,1142c,CC1101_Transmit_Blocking
56544,252,14056,70852,114c4,CC1101_Transmit_Interrupt
64412,304,14120,78836,133f4,FSK4_Transmit
64436,304,14128,78868,13414,FSK4_Transmit_AFSK
66724,252,14100,81076,13cb4,Hellschreiber_Transmit
66796,252,14108,81156,13d04,Hellschreiber_Transmit_AFSK
62148,252,14088,76488,12ac8,LR11x0_Channel_Activity_Detection_Blocking
62324,252,14092,76668,12b7c,LR11x0_Channel_Activity_Detection_Interrupt
63096,252,14088,77436,12e7c,LR11x0_GFSK_Modem
64056,252,14168,78476,1328c,LR11x0_GNSS_Almanac_Update
64188,252,14104,78544,132d0,LR11x0_GNSS_Autonomous_Position
63584,252,14092,77928,13068,LR11x0_GNSS_Satellites
61872,252,14088,76212,129b4,LR11x0_LR_FHSS_Modem
63512,252,14100,77864,13028,LR11x0_PingPong
63288,252,14088,77628,12f3c,LR11x0_Receive_Blocking
63352,252,14092,77696,12f80,LR11x0_Receive_Interrupt
63408,252,14092,77752,12fb8,LR11x0_Transmit_Blocking
62996,252,14100,77348,12e24,LR11x0_Transmit_Interrupt
64392,252,14088,78732,1338c,LR11x0_WiFi_Scan_Blocking
64456,252,14092,78800,133d0,LR11x0_WiFi_Scan_Interrupt
65244,616,14140,80000,13880,Morse_Receive_AM
66972,616,14132,81720,13f38,Morse_Transmit_AM
66876,616,14132,81624,13ed8,Morse_Transmit_FM
66852,616,14124,81592,13eb8,Morse_Transmit_SSB
66404,256,14112,80772,13b84,Pager_Receive
66228,252,14116,80596,13ad4,Pager_Transmit
65256,256,14060,79572,136d4,PhysicalLayer_Interface
55668,252,14048,69968,11150,RF69_Receive_AES
55880,252,14048,70180,11224,RF69_Receive_Address
56068,252,14048,70368,112e0,RF69_Receive_Blocking
56140,252,14052,70444,1132c,RF69_Receive_Interrupt
56064,252,14412,70728,11448,RF69_Settings
55128,252,14048,69428,10f34,RF69_Transmit_AES
55344,252,14048,69644,1100c,RF69_Transmit_Address
55712,252,14052,70016,11180,RF69_Transmit_Blocking
55844,252,14060,70156,1120c,RF69_Transmit_Interrupt
66684,252,14108,81044,13c94,RTTY_Transmit
66708,252,14116,81076,13cb4,RTTY_Transmit_AFSK
65312,1532,14200,81044,13c94,SSTV_Transmit
65360,1532,14208,81100,13ccc,SSTV_Transmit_AFSK
55764,252,14052,70068,111b4,SX123x_Receive_Blocking
55888,252,14056,70196,11234,SX123x_Transmit_Blocking
65360,252,14132,79744,13780,SX126x_Channel_Activity_Detection_Blocking
65536,252,14136,79924,13834,SX126x_Channel_Activity_Detection_Interrupt
67128,252,14136,81516,13e6c,SX126x_Channel_Activity_Detection_Receive
66476,252,14132,80860,13bdc,SX126x_FSK_Modem
66588,252,14136,80976,13c50,SX126x_LR_FHSS_Transmit_Blocking
66200,252,14144,80596,13ad4,SX126x_LR_FHSS_Transmit_Interrupt
66724,252,14144,81120,13ce0,SX126x_PingPong
66784,252,14132,81168,13d10,SX126x_Receive_Blocking
66852,252,14136,81240,13d58,SX126x_Receive_Interrupt
67300,252,14580,82132,140d4,SX126x_Settings
67508,252,14132,81892,13fe4,SX126x_Spectrum_Scan
68084,252,14132,82468,14224,SX126x_Spectrum_Scan_Frequency
66604,252,14136,80992,13c60,SX126x_Transmit_Blocking
66200,252,14144,80596,13ad4,SX126x_Transmit_Interrupt
63588,252,14064,77904,13050,SX127x_Channel_Activity_Detection_Blocking
63752,252,14072,78076,130fc,SX127x_Channel_Activity_Detection_Interrupt
65520,252,14072,79844,137e4,SX127x_Channel_Activity_Detection_Receive
65268,252,14064,79584,136e0,SX127x_FSK_Modem
64980,252,14076,79308,135cc,SX127x_PingPong
65156,252,14064,79472,13670,SX127x_Receive_Blocking
63736,252,14064,78052,130e4,SX127x_Receive_Direct
64692,280,14072,79044,134c4,SX127x_Receive_FHSS
65252,252,14068,79572,136d4,SX127x_Receive_Interrupt
67620,252,14444,82316,1418c,SX127x_Settings
64864,252,14068,79184,13550,SX127x_Transmit_Blocking
65184,284,14096,79564,136cc,SX127x_Transmit_FHSS
64448,252,14076,78776,133b8,SX127x_Transmit_Interrupt
58992,252,14068,73312,11e60,SX128x_BLE_Modem
57692,252,14068,72012,1194c,SX128x_Channel_Activity_Detection_Blocking
57876,252,14072,72200,11a08,SX128x_Channel_Activity_Detection_Interrupt
58980,252,14068,73300,11e54,SX128x_FLRC_Modem
58692,252,14068,73012,11d34,SX128x_GFSK_Modem
59136,252,14068,73456,11ef0,SX128x_Ranging
59116,252,14068,73436,11edc,SX128x_Receive_Blocking
59184,252,14072,73508,11f24,SX128x_Receive_Interrupt
58596,252,14452,73300,11e54,SX128x_Settings
58396,252,14072,72720,11c10,SX128x_Transmit_Blocking
58532,252,14080,72864,11ca0,SX128x_Transmit_Interrupt
56652,252,14040,70944,11520,Si443x_Receive_Blocking
56720,252,14044,71016,11568,Si443x_Receive_Interrupt
56848,252,14396,71496,11748,Si443x_Settings
56828,252,14044,71124,115d4,Si443x_Transmit_Blocking
56944,252,14052,71248,11650,Si443x_Transmit_Interrupt
63876,252,14588,78716,1337c,Stream_Receive
64704,256,14092,79052,134cc,Stream_Transmit
53436,252,14028,67716,10884,nRF24_Receive_Blocking
53516,252,14032,67800,108d8,nRF24_Receive_Interrupt
53608,252,14032,67892,10934,nRF24_Transmit_Blocking
53692,252,14040,67984,10990,nRF24_Transmit_Interrupt
