text,data,bss,dec,hex,filename
32860,698,773,34331,861b,AFSK_Imperial_March
32600,354,773,33727,83bf,AFSK_Tone
32732,354,773,33859,8443,AFSK_Tone_AM
37602,402,808,38812,979c,APRS_MicE
38428,500,808,39736,9b38,APRS_Position
37142,440,786,38368,95e0,APRS_Position_LoRa
34782,414,783,35979,8c8b,AX25_Frames
34370,378,783,35531,8acb,AX25_Transmit
35218,396,789,36403,8e33,AX25_Transmit_AFSK
35360,422,796,36578,8ee2,BellModem_Transmit
21786,390,757,22933,5995,CC1101_Receive_Address
21666,390,757,22813,591d,CC1101_Receive_Blocking
21762,390,758,22910,597e,CC1101_Receive_Interrupt
21820,378,1101,23299,5b03,CC1101_Settings
20478,392,757,21627,547b,CC1101_Transmit_Address
21418,394,759,22571,582b,CC1101_Transmit_Blocking
21520,406,762,22688,58a0,CC1101_Transmit_Interrupt
33536,400,823,34759,87c7,FSK4_Transmit
33562,400,829,34791,87e7,FSK4_Transmit_AFSK
35738,398,789,36925,903d,Hellschreiber_Transmit
35838,414,795,37047,90b7,Hellschreiber_Transmit_AFSK
26542,570,795,27907,6d03,LR11x0_Channel_Activity_Detection_Blocking
26782,570,796,28148,6df4,LR11x0_Channel_Activity_Detection_Interrupt
28090,404,795,29289,7269,LR11x0_GFSK_Modem
27402,570,860,28832,70a0,LR11x0_GNSS_Almanac_Update
28434,588,810,29832,7488,LR11x0_GNSS_Autonomous_Position
28284,580,799,29663,73df,LR11x0_GNSS_Satellites
26478,400,795,27673,6c19,LR11x0_LR_FHSS_Modem
28196,596,799,29591,7397,LR11x0_PingPong
28036,582,795,29413,72e5,LR11x0_Receive_Blocking
28122,582,796,29500,733c,LR11x0_Receive_Interrupt
27954,598,797,29349,72a5,LR11x0_Transmit_Blocking
27660,598,800,29058,7182,LR11x0_Transmit_Interrupt
29932,604,795,31331,7a63,LR11x0_WiFi_Scan_Blocking
30052,604,796,31452,7adc,LR11x0_WiFi_Scan_Interrupt
59230,1764,1991,62985,f609,LoRaWAN_ABP
61550,1796,1989,65335,ff37,LoRaWAN_Reference
59240,1764,1989,62993,f611,LoRaWAN_Starter
34792,364,826,35982,8c8e,Morse_Receive_AM
35860,392,824,37076,90d4,Morse_Transmit_AM
35722,392,824,36938,904a,Morse_Transmit_FM
35698,392,818,36908,902c,Morse_Transmit_SSB
38446,364,806,39616,9ac0,Pager_Receive
38478,384,804,39666,9af2,Pager_Transmit
34250,378,767,35395,8a43,PhysicalLayer_Interface
21528,354,761,22643,5873,RF69_Receive_AES
21794,338,761,22893,596d,RF69_Receive_Address
21836,350,761,22947,59a3,RF69_Receive_Blocking
21914,350,762,23026,59f2,RF69_Receive_Interrupt
22378,346,1109,23833,5d19,RF69_Settings
20668,368,761,21797,5525,RF69_Transmit_AES
20932,352,761,22045,561d,RF69_Transmit_Address
21638,354,763,22755,58e3,RF69_Transmit_Blocking
21744,366,766,22876,595c,RF69_Transmit_Interrupt
35840,390,797,37027,90a3,RTTY_Transmit
35864,390,803,37057,90c1,RTTY_Transmit_AFSK
34608,1714,859,37181,913d,SSTV_Transmit
34656,1714,865,37235,9173,SSTV_Transmit_AFSK
21610,340,762,22712,58b8,SX123x_Receive_Blocking
21672,356,764,22792,5908,SX123x_Transmit_Blocking
36968,596,823,38387,95f3,SX126x_Channel_Activity_Detection_Blocking
37192,596,824,38612,96d4,SX126x_Channel_Activity_Detection_Interrupt
39112,608,825,40545,9e61,SX126x_Channel_Activity_Detection_Receive
38424,616,823,39863,9bb7,SX126x_FSK_Modem
38356,622,825,39803,9b7b,SX126x_LR_FHSS_Transmit_Blocking
38010,624,828,39462,9a26,SX126x_LR_FHSS_Transmit_Interrupt
38556,620,827,40003,9c43,SX126x_PingPong
38664,608,823,40095,9c9f,SX126x_Receive_Blocking
38748,608,824,40180,9cf4,SX126x_Receive_Interrupt
39840,838,1231,41909,a3b5,SX126x_Settings
39330,606,823,40759,9f37,SX126x_Spectrum_Scan
39770,624,823,41217,a101,SX126x_Spectrum_Scan_Frequency
38382,622,825,39829,9b95,SX126x_Transmit_Blocking
38092,624,828,39544,9a78,SX126x_Transmit_Interrupt
32208,354,767,33329,8231,SX127x_Channel_Activity_Detection_Blocking
32564,354,769,33687,8397,SX127x_Channel_Activity_Detection_Interrupt
34590,366,770,35726,8b8e,SX127x_Channel_Activity_Detection_Receive
34428,374,767,35569,8af1,SX127x_FSK_Modem
33896,378,771,35045,88e5,SX127x_PingPong
34118,366,767,35251,89b3,SX127x_Receive_Blocking
32282,394,767,33443,82a3,SX127x_Receive_Direct
33802,378,771,34951,8887,SX127x_Receive_FHSS
34216,366,768,35350,8a16,SX127x_Receive_Interrupt
37518,472,1121,39111,98c7,SX127x_Settings
33714,380,769,34863,882f,SX127x_Transmit_Blocking
34420,598,781,35799,8bd7,SX127x_Transmit_FHSS
33422,382,772,34576,8710,SX127x_Transmit_Interrupt
25050,368,773,26191,664f,SX128x_BLE_Modem
23390,354,773,24517,5fc5,SX128x_Channel_Activity_Detection_Blocking
23620,354,774,24748,60ac,SX128x_Channel_Activity_Detection_Interrupt
25140,376,773,26289,66b1,SX128x_FLRC_Modem
24754,372,773,25899,652b,SX128x_GFSK_Modem
25518,402,773,26693,6845,SX128x_Ranging
25888,366,773,27027,6993,SX128x_Receive_Blocking
25984,366,774,27124,69f4,SX128x_Receive_Interrupt
24946,354,1133,26433,6741,SX128x_Settings
24418,370,775,25563,63db,SX128x_Transmit_Blocking
24526,382,778,25686,6456,SX128x_Transmit_Interrupt
23510,340,754,24604,601c,Si443x_Receive_Blocking
23600,340,755,24695,6077,Si443x_Receive_Interrupt
23694,344,1095,25133,622d,Si443x_Settings
23694,356,756,24806,60e6,Si443x_Transmit_Blocking
23778,368,759,24905,6149,Si443x_Transmit_Interrupt
32878,354,1283,34515,86d3,Stream_Receive
33394,866,781,35041,88e1,Stream_Transmit
17208,344,744,18296,4778,nRF24_Receive_Blocking
17310,344,745,18399,47df,nRF24_Receive_Interrupt
17544,358,746,18648,48d8,nRF24_Transmit_Blocking
17620,372,749,18741,4935,nRF24_Transmit_Interrupt
