text,data,bss,dec,hex,filename
38180,0,3288,41468,a1fc,AFSK_Imperial_March
37284,0,3288,40572,9e7c,AFSK_Tone
37372,0,3288,40660,9ed4,AFSK_Tone_AM
55828,0,3344,59172,e724,APRS_MicE
55476,0,3344,58820,e5c4,APRS_Position
55444,0,3312,58756,e584,APRS_Position_LoRa
39044,0,3304,42348,a56c,AX25_Frames
38676,0,3304,41980,a3fc,AX25_Transmit
39172,0,3312,42484,a5f4,AX25_Transmit_AFSK
41140,0,3320,44460,adac,BellModem_Transmit
31908,0,3264,35172,8964,CC1101_Receive_Address
31772,0,3264,35036,88dc,CC1101_Receive_Blocking
31844,0,3268,35112,8928,CC1101_Receive_Interrupt
27748,0,3624,31372,7a8c,CC1101_Settings
27252,0,3264,30516,7734,CC1101_Transmit_Address
29012,0,3268,32280,7e18,CC1101_Transmit_Blocking
29148,0,3276,32424,7ea8,CC1101_Transmit_Interrupt
37964,0,3340,41304,a158,FSK4_Transmit
37988,0,3348,41336,a178,FSK4_Transmit_AFSK
41412,0,3316,44728,aeb8,Hellschreiber_Transmit
41492,0,3324,44816,af10,Hellschreiber_Transmit_AFSK
35964,0,3308,39272,9968,LR11x0_Channel_Activity_Detection_Blocking
36140,0,3312,39452,9a1c,LR11x0_Channel_Activity_Detection_Interrupt
281684,0,3308,284992,45940,LR11x0_Firmware_Update
38180,0,3308,41488,a210,LR11x0_GFSK_Modem
38084,0,3388,41472,a200,LR11x0_GNSS_Almanac_Update
37988,0,3324,41312,a160,LR11x0_GNSS_Autonomous_Position
37452,0,3312,40764,9f3c,LR11x0_GNSS_Satellites
35676,0,3308,38984,9848,LR11x0_LR_FHSS_Modem
38572,0,3316,41888,a3a0,LR11x0_PingPong
38348,0,3308,41656,a2b8,LR11x0_Receive_Blocking
38412,0,3312,41724,a2fc,LR11x0_Receive_Interrupt
38412,0,3312,41724,a2fc,LR11x0_Transmit_Blocking
38020,0,3320,41340,a17c,LR11x0_Transmit_Interrupt
39588,0,3308,42896,a790,LR11x0_WiFi_Scan_Blocking
39644,0,3312,42956,a7cc,LR11x0_WiFi_Scan_Interrupt
56788,0,4792,61580,f08c,LoRaWAN_ABP
60252,0,4876,65128,fe68,LoRaWAN_Class_C
60348,0,4892,65240,fed8,LoRaWAN_Multicast
58756,0,4796,63552,f840,LoRaWAN_Reference
56692,0,4796,61488,f030,LoRaWAN_Starter
71500,0,5328,76828,12c1c,LoRaWAN_TS_Packages
38700,0,3360,42060,a44c,Morse_Receive_AM
41572,0,3352,44924,af7c,Morse_Transmit_AM
41484,0,3352,44836,af24,Morse_Transmit_FM
41460,0,3344,44804,af04,Morse_Transmit_SSB
41140,0,3332,44472,adb8,Pager_Receive
39756,0,3332,43088,a850,Pager_Transmit
39996,0,3280,43276,a90c,PhysicalLayer_Interface
30420,0,3268,33688,8398,RF69_Receive_AES
30628,0,3268,33896,8468,RF69_Receive_Address
31140,0,3268,34408,8668,RF69_Receive_Blocking
31212,0,3272,34484,86b4,RF69_Receive_Interrupt
29548,0,3632,33180,819c,RF69_Settings
28604,0,3268,31872,7c80,RF69_Transmit_AES
28820,0,3268,32088,7d58,RF69_Transmit_Address
30420,0,3272,33692,839c,RF69_Transmit_Blocking
30548,0,3280,33828,8424,RF69_Transmit_Interrupt
41364,0,3324,44688,ae90,RTTY_Transmit
41396,0,3332,44728,aeb8,RTTY_Transmit_AFSK
40044,0,3416,43460,a9c4,SSTV_Transmit
40092,0,3424,43516,a9fc,SSTV_Transmit_AFSK
30500,0,3272,33772,83ec,SX123x_Receive_Blocking
30580,0,3276,33856,8440,SX123x_Transmit_Blocking
39396,0,3352,42748,a6fc,SX126x_Channel_Activity_Detection_Blocking
39572,0,3356,42928,a7b0,SX126x_Channel_Activity_Detection_Interrupt
42404,0,3356,45760,b2c0,SX126x_Channel_Activity_Detection_Receive
41788,0,3352,45140,b054,SX126x_FSK_Modem
41828,0,3356,45184,b080,SX126x_LR_FHSS_Transmit_Blocking
41468,0,3364,44832,af20,SX126x_LR_FHSS_Transmit_Interrupt
42012,0,3360,45372,b13c,SX126x_PingPong
42060,0,3352,45412,b164,SX126x_Receive_Blocking
42124,0,3356,45480,b1a8,SX126x_Receive_Interrupt
41252,0,3800,45052,affc,SX126x_Settings
41540,0,3352,44892,af5c,SX126x_Spectrum_Scan
42084,0,3352,45436,b17c,SX126x_Spectrum_Scan_Frequency
41844,0,3356,45200,b090,SX126x_Transmit_Blocking
41460,0,3364,44824,af18,SX126x_Transmit_Interrupt
37068,0,3280,40348,9d9c,SX127x_Channel_Activity_Detection_Blocking
37228,0,3284,40512,9e40,SX127x_Channel_Activity_Detection_Interrupt
40236,0,3288,43524,aa04,SX127x_Channel_Activity_Detection_Receive
39948,0,3280,43228,a8dc,SX127x_FSK_Modem
39692,0,3288,42980,a7e4,SX127x_PingPong
39860,0,3280,43140,a884,SX127x_Receive_Blocking
37244,0,3280,40524,9e4c,SX127x_Receive_Direct
39460,0,3288,42748,a6fc,SX127x_Receive_FHSS
39956,0,3284,43240,a8e8,SX127x_Receive_Interrupt
40956,0,3656,44612,ae44,SX127x_Settings
39532,0,3284,42816,a740,SX127x_Transmit_Blocking
39908,0,3312,43220,a8d4,SX127x_Transmit_FHSS
39148,0,3292,42440,a5c8,SX127x_Transmit_Interrupt
33380,0,3284,36664,8f38,SX128x_BLE_Modem
30844,0,3284,34128,8550,SX128x_Channel_Activity_Detection_Blocking
31012,0,3288,34300,85fc,SX128x_Channel_Activity_Detection_Interrupt
33372,0,3284,36656,8f30,SX128x_FLRC_Modem
33092,0,3284,36376,8e18,SX128x_GFSK_Modem
32596,0,3284,35880,8c28,SX128x_Ranging
33836,0,3284,37120,9100,SX128x_Receive_Blocking
33916,0,3288,37204,9154,SX128x_Receive_Interrupt
31740,0,3664,35404,8a4c,SX128x_Settings
32764,0,3288,36052,8cd4,SX128x_Transmit_Blocking
32900,0,3296,36196,8d64,SX128x_Transmit_Interrupt
31420,0,3260,34680,8778,Si443x_Receive_Blocking
31500,0,3264,34764,87cc,Si443x_Receive_Interrupt
30340,0,3616,33956,84a4,Si443x_Settings
31548,0,3264,34812,87fc,Si443x_Transmit_Blocking
31660,0,3272,34932,8874,Si443x_Transmit_Interrupt
37356,0,3800,41156,a0c4,Stream_Receive
39452,0,3312,42764,a70c,Stream_Transmit
25436,0,3248,28684,700c,nRF24_Receive_Blocking
25532,0,3252,28784,7070,nRF24_Receive_Interrupt
25564,0,3252,28816,7090,nRF24_Transmit_Blocking
25652,0,3260,28912,70f0,nRF24_Transmit_Interrupt
