text,data,bss,dec,hex,filename
43320,864,3676,47860,baf4,AFSK_Imperial_March
43188,176,3676,47040,b7c0,AFSK_Tone
43280,176,3676,47132,b81c,AFSK_Tone_AM
55612,544,3732,59888,e9f0,APRS_MicE
55324,544,3732,59600,e8d0,APRS_Position
55268,544,3700,59512,e878,APRS_Position_LoRa
44972,176,3692,48840,bec8,AX25_Frames
44600,176,3692,48468,bd54,AX25_Transmit
45092,176,3700,48968,bf48,AX25_Transmit_AFSK
45868,176,3708,49752,c258,BellModem_Transmit
35800,176,3652,39628,9acc,CC1101_Receive_Address
35656,176,3652,39484,9a3c,CC1101_Receive_Blocking
35732,176,3652,39560,9a88,CC1101_Receive_Interrupt
28628,176,4012,32816,8030,CC1101_Settings
28120,176,3652,31948,7ccc,CC1101_Transmit_Address
28656,176,3652,32484,7ee4,CC1101_Transmit_Blocking
28808,176,3660,32644,7f84,CC1101_Transmit_Interrupt
43768,224,3732,47724,ba6c,FSK4_Transmit
43796,224,3740,47760,ba90,FSK4_Transmit_AFSK
46160,176,3708,50044,c37c,Hellschreiber_Transmit
46244,176,3716,50136,c3d8,Hellschreiber_Transmit_AFSK
38532,176,3692,42400,a5a0,LR11x0_Channel_Activity_Detection_Blocking
38704,176,3700,42580,a654,LR11x0_Channel_Activity_Detection_Interrupt
39504,176,3692,43372,a96c,LR11x0_GFSK_Modem
40496,176,3772,44444,ad9c,LR11x0_GNSS_Almanac_Update
43652,176,3708,47536,b9b0,LR11x0_GNSS_Autonomous_Position
39984,176,3700,43860,ab54,LR11x0_GNSS_Satellites
38232,176,3692,42100,a474,LR11x0_LR_FHSS_Modem
42996,176,3708,46880,b720,LR11x0_PingPong
42756,176,3692,46624,b620,LR11x0_Receive_Blocking
42820,176,3700,46696,b668,LR11x0_Receive_Interrupt
42880,176,3700,46756,b6a4,LR11x0_Transmit_Blocking
39388,176,3708,43272,a908,LR11x0_Transmit_Interrupt
43900,176,3692,47768,ba98,LR11x0_WiFi_Scan_Blocking
43964,176,3700,47840,bae0,LR11x0_WiFi_Scan_Interrupt
62492,176,5572,68240,10a90,LoRaWAN_ABP
66116,176,5652,71944,11908,LoRaWAN_Class_C
66220,176,5660,72056,11978,LoRaWAN_Multicast
64624,176,5580,70380,112ec,LoRaWAN_Reference
62456,176,5580,68212,10a74,LoRaWAN_Starter
72388,544,6100,79032,134b8,LoRaWAN_TS_Packages
44680,544,3748,48972,bf4c,Morse_Receive_AM
46416,544,3740,50700,c60c,Morse_Transmit_AM
46324,544,3740,50608,c5b0,Morse_Transmit_FM
46296,544,3732,50572,c58c,Morse_Transmit_SSB
45788,176,3724,49688,c218,Pager_Receive
45660,176,3724,49560,c198,Pager_Transmit
44636,176,3668,48480,bd60,PhysicalLayer_Interface
28560,176,3652,32388,7e84,RF69_Receive_AES
28784,176,3652,32612,7f64,RF69_Receive_Address
34936,176,3652,38764,976c,RF69_Receive_Blocking
35016,176,3660,38852,97c4,RF69_Receive_Interrupt
28968,176,4020,33164,818c,RF69_Settings
28004,176,3652,31832,7c58,RF69_Transmit_AES
28232,176,3652,32060,7d3c,RF69_Transmit_Address
28608,176,3660,32444,7ebc,RF69_Transmit_Blocking
28756,176,3668,32600,7f58,RF69_Transmit_Interrupt
46064,176,3716,49956,c324,RTTY_Transmit
46088,176,3724,49988,c344,RTTY_Transmit_AFSK
44648,1456,3804,49908,c2f4,SSTV_Transmit
44692,1456,3812,49960,c328,SSTV_Transmit_AFSK
28688,176,3660,32524,7f0c,SX123x_Receive_Blocking
28812,176,3660,32648,7f88,SX123x_Transmit_Blocking
39324,176,3740,43240,a8e8,SX126x_Channel_Activity_Detection_Blocking
39496,176,3740,43412,a994,SX126x_Channel_Activity_Detection_Interrupt
47052,176,3740,50968,c718,SX126x_Channel_Activity_Detection_Receive
40444,176,3740,44360,ad48,SX126x_FSK_Modem
46536,176,3740,50452,c514,SX126x_LR_FHSS_Transmit_Blocking
40188,176,3748,44112,ac50,SX126x_LR_FHSS_Transmit_Interrupt
46680,176,3748,50604,c5ac,SX126x_PingPong
46704,176,3740,50620,c5bc,SX126x_Receive_Blocking
46776,176,3740,50692,c604,SX126x_Receive_Interrupt
41264,176,4188,45628,b23c,SX126x_Settings
41500,176,3740,45416,b168,SX126x_Spectrum_Scan
48016,176,3740,51932,cadc,SX126x_Spectrum_Scan_Frequency
46556,176,3740,50472,c528,SX126x_Transmit_Blocking
40184,176,3748,44108,ac4c,SX126x_Transmit_Interrupt
42964,176,3668,46808,b6d8,SX127x_Channel_Activity_Detection_Blocking
43140,176,3676,46992,b790,SX127x_Channel_Activity_Detection_Interrupt
44920,176,3676,48772,be84,SX127x_Channel_Activity_Detection_Receive
44656,176,3668,48500,bd74,SX127x_FSK_Modem
44388,176,3684,48248,bc78,SX127x_PingPong
44532,176,3668,48376,bcf8,SX127x_Receive_Blocking
43168,176,3668,47012,b7a4,SX127x_Receive_Direct
44076,208,3684,47968,bb60,SX127x_Receive_FHSS
44632,176,3676,48484,bd64,SX127x_Receive_Interrupt
47040,176,4052,51268,c844,SX127x_Settings
44264,176,3676,48116,bbf4,SX127x_Transmit_Blocking
44600,208,3700,48508,bd7c,SX127x_Transmit_FHSS
43852,176,3684,47712,ba60,SX127x_Transmit_Interrupt
32372,176,3676,36224,8d80,SX128x_BLE_Modem
31092,176,3676,34944,8880,SX128x_Channel_Activity_Detection_Blocking
31268,176,3676,35120,8930,SX128x_Channel_Activity_Detection_Interrupt
32404,176,3676,36256,8da0,SX128x_FLRC_Modem
32092,176,3676,35944,8c68,SX128x_GFSK_Modem
38464,176,3676,42316,a54c,SX128x_Ranging
38476,176,3676,42328,a558,SX128x_Receive_Blocking
38560,176,3676,42412,a5ac,SX128x_Receive_Interrupt
32052,176,4060,36288,8dc0,SX128x_Settings
31804,176,3676,35656,8b48,SX128x_Transmit_Blocking
31956,176,3684,35816,8be8,SX128x_Transmit_Interrupt
30400,176,3644,34220,85ac,Si443x_Receive_Blocking
30480,176,3652,34308,8604,Si443x_Receive_Interrupt
30592,176,4004,34772,87d4,Si443x_Settings
30572,176,3652,34400,8660,Si443x_Transmit_Blocking
30700,176,3660,34536,86e8,Si443x_Transmit_Interrupt
43260,176,4196,47632,ba10,Stream_Receive
44132,176,3700,48008,bb88,Stream_Transmit
22516,176,3636,26328,66d8,nRF24_Receive_Blocking
22600,176,3636,26412,672c,nRF24_Receive_Interrupt
22684,176,3636,26496,6780,nRF24_Transmit_Blocking
22776,176,3644,26596,67e4,nRF24_Transmit_Interrupt
