text,data,bss,dec,hex,filename
42952,864,3676,47492,b984,AFSK_Imperial_March
42820,176,3676,46672,b650,AFSK_Tone
42908,176,3676,46760,b6a8,AFSK_Tone_AM
55244,544,3732,59520,e880,APRS_MicE
54956,544,3732,59232,e760,APRS_Position
54900,544,3700,59144,e708,APRS_Position_LoRa
44600,176,3692,48468,bd54,AX25_Frames
44228,176,3692,48096,bbe0,AX25_Transmit
44720,176,3700,48596,bdd4,AX25_Transmit_AFSK
45500,176,3708,49384,c0e8,BellModem_Transmit
35672,176,3652,39500,9a4c,CC1101_Receive_Address
35520,176,3652,39348,99b4,CC1101_Receive_Blocking
35604,176,3652,39432,9a08,CC1101_Receive_Interrupt
28488,176,4012,32676,7fa4,CC1101_Settings
27996,176,3652,31824,7c50,CC1101_Transmit_Address
28528,176,3652,32356,7e64,CC1101_Transmit_Blocking
28680,176,3660,32516,7f04,CC1101_Transmit_Interrupt
43396,224,3724,47344,b8f0,FSK4_Transmit
43424,224,3732,47380,b914,FSK4_Transmit_AFSK
45788,176,3700,49664,c200,Hellschreiber_Transmit
45872,176,3708,49756,c25c,Hellschreiber_Transmit_AFSK
37588,176,3692,41456,a1f0,LR11x0_Channel_Activity_Detection_Blocking
37760,176,3700,41636,a2a4,LR11x0_Channel_Activity_Detection_Interrupt
38556,176,3692,42424,a5b8,LR11x0_GFSK_Modem
39552,176,3772,43500,a9ec,LR11x0_GNSS_Almanac_Update
42708,176,3708,46592,b600,LR11x0_GNSS_Autonomous_Position
39040,176,3700,42916,a7a4,LR11x0_GNSS_Satellites
37288,176,3692,41156,a0c4,LR11x0_LR_FHSS_Modem
42052,176,3708,45936,b370,LR11x0_PingPong
41804,176,3692,45672,b268,LR11x0_Receive_Blocking
41876,176,3700,45752,b2b8,LR11x0_Receive_Interrupt
41936,176,3700,45812,b2f4,LR11x0_Transmit_Blocking
38444,176,3708,42328,a558,LR11x0_Transmit_Interrupt
42956,176,3692,46824,b6e8,LR11x0_WiFi_Scan_Blocking
43020,176,3700,46896,b730,LR11x0_WiFi_Scan_Interrupt
61648,176,5188,67012,105c4,LoRaWAN_ABP
64892,176,5268,70336,112c0,LoRaWAN_Class_C
64996,176,5276,70448,11330,LoRaWAN_Multicast
63740,176,5188,69104,10df0,LoRaWAN_Reference
61572,176,5188,66936,10578,LoRaWAN_Starter
71508,544,5708,77760,12fc0,LoRaWAN_TS_Packages
44308,544,3748,48600,bdd8,Morse_Receive_AM
46048,544,3740,50332,c49c,Morse_Transmit_AM
45956,544,3740,50240,c440,Morse_Transmit_FM
45928,544,3732,50204,c41c,Morse_Transmit_SSB
45416,176,3716,49308,c09c,Pager_Receive
45292,176,3716,49184,c020,Pager_Transmit
44256,176,3668,48100,bbe4,PhysicalLayer_Interface
28436,176,3652,32264,7e08,RF69_Receive_AES
28664,176,3652,32492,7eec,RF69_Receive_Address
34816,176,3652,38644,96f4,RF69_Receive_Blocking
34900,176,3660,38736,9750,RF69_Receive_Interrupt
28836,176,4020,33032,8108,RF69_Settings
27884,176,3652,31712,7be0,RF69_Transmit_AES
28116,176,3652,31944,7cc8,RF69_Transmit_Address
28492,176,3660,32328,7e48,RF69_Transmit_Blocking
28640,176,3668,32484,7ee4,RF69_Transmit_Interrupt
45692,176,3708,49576,c1a8,RTTY_Transmit
45720,176,3716,49612,c1cc,RTTY_Transmit_AFSK
44280,1456,3804,49540,c184,SSTV_Transmit
44320,1456,3812,49588,c1b4,SSTV_Transmit_AFSK
28536,176,3660,32372,7e74,SX123x_Receive_Blocking
28664,176,3660,32500,7ef4,SX123x_Transmit_Blocking
38608,176,3740,42524,a61c,SX126x_Channel_Activity_Detection_Blocking
38780,176,3740,42696,a6c8,SX126x_Channel_Activity_Detection_Interrupt
46484,176,3740,50400,c4e0,SX126x_Channel_Activity_Detection_Receive
39724,176,3740,43640,aa78,SX126x_FSK_Modem
45820,176,3740,49736,c248,SX126x_LR_FHSS_Transmit_Blocking
39472,176,3748,43396,a984,SX126x_LR_FHSS_Transmit_Interrupt
45964,176,3748,49888,c2e0,SX126x_PingPong
46132,176,3740,50048,c380,SX126x_Receive_Blocking
46208,176,3740,50124,c3cc,SX126x_Receive_Interrupt
40496,176,4188,44860,af3c,SX126x_Settings
40788,176,3740,44704,aea0,SX126x_Spectrum_Scan
47304,176,3740,51220,c814,SX126x_Spectrum_Scan_Frequency
45840,176,3740,49756,c25c,SX126x_Transmit_Blocking
39468,176,3748,43392,a980,SX126x_Transmit_Interrupt
42592,176,3668,46436,b564,SX127x_Channel_Activity_Detection_Blocking
42768,176,3676,46620,b61c,SX127x_Channel_Activity_Detection_Interrupt
44548,176,3676,48400,bd10,SX127x_Channel_Activity_Detection_Receive
44280,176,3668,48124,bbfc,SX127x_FSK_Modem
44016,176,3676,47868,bafc,SX127x_PingPong
44152,176,3668,47996,bb7c,SX127x_Receive_Blocking
42796,176,3668,46640,b630,SX127x_Receive_Direct
43704,208,3676,47588,b9e4,SX127x_Receive_FHSS
44260,176,3668,48104,bbe8,SX127x_Receive_Interrupt
46524,176,4044,50744,c638,SX127x_Settings
43892,176,3668,47736,ba78,SX127x_Transmit_Blocking
44232,208,3700,48140,bc0c,SX127x_Transmit_FHSS
43480,176,3676,47332,b8e4,SX127x_Transmit_Interrupt
31756,176,3668,35600,8b10,SX128x_BLE_Modem
30484,176,3668,34328,8618,SX128x_Channel_Activity_Detection_Blocking
30660,176,3676,34512,86d0,SX128x_Channel_Activity_Detection_Interrupt
31784,176,3668,35628,8b2c,SX128x_FLRC_Modem
31476,176,3668,35320,89f8,SX128x_GFSK_Modem
37852,176,3668,41696,a2e0,SX128x_Ranging
37864,176,3668,41708,a2ec,SX128x_Receive_Blocking
37952,176,3676,41804,a34c,SX128x_Receive_Interrupt
31428,176,4052,35656,8b48,SX128x_Settings
31196,176,3676,35048,88e8,SX128x_Transmit_Blocking
31348,176,3684,35208,8988,SX128x_Transmit_Interrupt
30256,176,3644,34076,851c,Si443x_Receive_Blocking
30340,176,3652,34168,8578,Si443x_Receive_Interrupt
30440,176,4004,34620,873c,Si443x_Settings
30432,176,3652,34260,85d4,Si443x_Transmit_Blocking
30560,176,3660,34396,865c,Si443x_Transmit_Interrupt
42888,176,4188,47252,b894,Stream_Receive
43760,176,3700,47636,ba14,Stream_Transmit
22412,176,3636,26224,6670,nRF24_Receive_Blocking
22504,176,3636,26316,66cc,nRF24_Receive_Interrupt
22588,176,3636,26400,6720,nRF24_Transmit_Blocking
22680,176,3644,26500,6784,nRF24_Transmit_Interrupt
