text,data,bss,dec,hex,filename
106656,4312,257832,368800,5a0a0,AFSK_Imperial_March
106472,3624,258520,368616,59fe8,AFSK_Tone
106568,3624,258520,368712,5a048,AFSK_Tone_AM
110264,3624,258520,372408,5aeb8,APRS_MicE
110072,3624,258520,372216,5adf8,APRS_Position
109896,3624,258520,372040,5ad48,APRS_Position_LoRa
108192,3624,258520,370336,5a6a0,AX25_Frames
107840,3624,258520,369984,5a540,AX25_Transmit
108392,3624,258520,370536,5a768,AX25_Transmit_AFSK
109208,3624,258520,371352,5aa98,BellModem_Transmit
99616,3624,258520,361760,58520,CC1101_Receive_Address
99528,3624,258520,361672,584c8,CC1101_Receive_Blocking
99592,3624,258520,361736,58508,CC1101_Receive_Interrupt
99096,3624,258520,361240,58318,CC1101_Settings
98584,3624,258520,360728,58118,CC1101_Transmit_Address
99064,3624,258520,361208,582f8,CC1101_Transmit_Blocking
99192,3624,258520,361336,58378,CC1101_Transmit_Interrupt
107128,3680,258464,369272,5a278,FSK4_Transmit
107128,3680,258464,369272,5a278,FSK4_Transmit_AFSK
109440,3624,258520,371584,5ab80,Hellschreiber_Transmit
109520,3624,258520,371664,5abd0,Hellschreiber_Transmit_AFSK
105232,3624,258520,367376,59b10,LR11x0_Channel_Activity_Detection_Blocking
105400,3624,258520,367544,59bb8,LR11x0_Channel_Activity_Detection_Interrupt
350912,3624,258520,613056,95ac0,LR11x0_Firmware_Update
106024,3624,258520,368168,59e28,LR11x0_GFSK_Modem
107112,3624,258520,369256,5a268,LR11x0_GNSS_Almanac_Update
107192,3624,258520,369336,5a2b8,LR11x0_GNSS_Autonomous_Position
106688,3624,258520,368832,5a0c0,LR11x0_GNSS_Satellites
104952,3624,258520,367096,599f8,LR11x0_LR_FHSS_Modem
106448,3624,258520,368592,59fd0,LR11x0_PingPong
106192,3624,258520,368336,59ed0,LR11x0_Receive_Blocking
106256,3624,258520,368400,59f10,LR11x0_Receive_Interrupt
106344,3624,258520,368488,59f68,LR11x0_Transmit_Blocking
105984,3624,258520,368128,59e00,LR11x0_Transmit_Interrupt
107344,3624,258520,369488,5a350,LR11x0_WiFi_Scan_Blocking
107392,3624,258520,369536,5a380,LR11x0_WiFi_Scan_Interrupt
124544,3624,258520,386688,5e680,LoRaWAN_ABP
128408,3624,258520,390552,5f598,LoRaWAN_Class_C
128568,3624,258520,390712,5f638,LoRaWAN_Multicast
126624,3624,258520,388768,5eea0,LoRaWAN_Reference
124488,3624,258520,386632,5e648,LoRaWAN_Starter
125912,3632,258512,388056,5ebd8,LoRaWAN_TS_Packages
107616,3624,258520,369760,5a460,Morse_Receive_AM
109368,3624,258520,371512,5ab38,Morse_Transmit_AM
109272,3624,258520,371416,5aad8,Morse_Transmit_FM
109272,3624,258520,371416,5aad8,Morse_Transmit_SSB
108976,3632,258512,371120,5a9b0,Pager_Receive
108944,3624,258520,371088,5a990,Pager_Transmit
107776,3632,258512,369920,5a500,PhysicalLayer_Interface
98240,3624,258520,360384,57fc0,RF69_Receive_AES
98488,3624,258520,360632,580b8,RF69_Receive_Address
98704,3624,258520,360848,58190,RF69_Receive_Blocking
98768,3624,258520,360912,581d0,RF69_Receive_Interrupt
98744,3624,258520,360888,581b8,RF69_Settings
97832,3624,258520,359976,57e28,RF69_Transmit_AES
98016,3624,258520,360160,57ee0,RF69_Transmit_Address
98328,3624,258520,360472,58018,RF69_Transmit_Blocking
98456,3624,258520,360600,58098,RF69_Transmit_Interrupt
109424,3624,258520,371568,5ab70,RTTY_Transmit
109424,3624,258520,371568,5ab70,RTTY_Transmit_AFSK
107976,4904,257240,370120,5a5c8,SSTV_Transmit
108040,4904,257240,370184,5a608,SSTV_Transmit_AFSK
98336,3624,258520,360480,58020,SX123x_Receive_Blocking
98504,3624,258520,360648,580c8,SX123x_Transmit_Blocking
108880,3624,258520,371024,5a950,SX126x_Channel_Activity_Detection_Blocking
109048,3624,258520,371192,5a9f8,SX126x_Channel_Activity_Detection_Interrupt
110544,3624,258520,372688,5afd0,SX126x_Channel_Activity_Detection_Receive
109832,3624,258520,371976,5ad08,SX126x_FSK_Modem
109992,3624,258520,372136,5ada8,SX126x_LR_FHSS_Transmit_Blocking
109624,3624,258520,371768,5ac38,SX126x_LR_FHSS_Transmit_Interrupt
110152,3624,258520,372296,5ae48,SX126x_PingPong
110184,3624,258520,372328,5ae68,SX126x_Receive_Blocking
110248,3624,258520,372392,5aea8,SX126x_Receive_Interrupt
110840,3624,258520,372984,5b0f8,SX126x_Settings
111032,3624,258520,373176,5b1b8,SX126x_Spectrum_Scan
111624,3624,258520,373768,5b408,SX126x_Spectrum_Scan_Frequency
109992,3624,258520,372136,5ada8,SX126x_Transmit_Blocking
109624,3624,258520,371768,5ac38,SX126x_Transmit_Interrupt
106248,3624,258520,368392,59f08,SX127x_Channel_Activity_Detection_Blocking
106448,3624,258520,368592,59fd0,SX127x_Channel_Activity_Detection_Interrupt
108056,3624,258520,370200,5a618,SX127x_Channel_Activity_Detection_Receive
107816,3624,258520,369960,5a528,SX127x_FSK_Modem
107520,3624,258520,369664,5a400,SX127x_PingPong
107680,3624,258520,369824,5a4a0,SX127x_Receive_Blocking
106392,3624,258520,368536,59f98,SX127x_Receive_Direct
107280,3656,258488,369424,5a310,SX127x_Receive_FHSS
107776,3624,258520,369920,5a500,SX127x_Receive_Interrupt
110288,3624,258520,372432,5aed0,SX127x_Settings
107352,3624,258520,369496,5a358,SX127x_Transmit_Blocking
107768,3656,258488,369912,5a4f8,SX127x_Transmit_FHSS
107056,3624,258520,369200,5a230,SX127x_Transmit_Interrupt
101640,3624,258520,363784,58d08,SX128x_BLE_Modem
100440,3624,258520,362584,58858,SX128x_Channel_Activity_Detection_Blocking
100608,3624,258520,362752,58900,SX128x_Channel_Activity_Detection_Interrupt
101584,3624,258520,363728,58cd0,SX128x_FLRC_Modem
101328,3624,258520,363472,58bd0,SX128x_GFSK_Modem
101880,3624,258520,364024,58df8,SX128x_Ranging
101744,3624,258520,363888,58d70,SX128x_Receive_Blocking
101808,3624,258520,363952,58db0,SX128x_Receive_Interrupt
101336,3624,258520,363480,58bd8,SX128x_Settings
101056,3624,258520,363200,58ac0,SX128x_Transmit_Blocking
101184,3624,258520,363328,58b40,SX128x_Transmit_Interrupt
99232,3624,258520,361376,583a0,Si443x_Receive_Blocking
99304,3624,258520,361448,583e8,Si443x_Receive_Interrupt
99544,3624,258520,361688,584d8,Si443x_Settings
99416,3624,258520,361560,58458,Si443x_Transmit_Blocking
99528,3624,258520,361672,584c8,Si443x_Transmit_Interrupt
106560,3624,258520,368704,5a040,Stream_Receive
107296,3624,258520,369440,5a320,Stream_Transmit
96024,3624,258520,358168,57718,nRF24_Receive_Blocking
96112,3624,258520,358256,57770,nRF24_Receive_Interrupt
96216,3624,258520,358360,577d8,nRF24_Transmit_Blocking
96320,3624,258520,358464,57840,nRF24_Transmit_Interrupt
