text,data,bss,dec,hex,filename
33218,742,779,34739,87b3,AFSK_Imperial_March
32958,398,779,34135,8557,AFSK_Tone
33090,398,779,34267,85db,AFSK_Tone_AM
37978,448,814,39240,9948,APRS_MicE
38804,546,814,40164,9ce4,APRS_Position
37490,484,792,38766,976e,APRS_Position_LoRa
35132,460,789,36381,8e1d,AX25_Frames
34720,422,789,35931,8c5b,AX25_Transmit
35574,440,795,36809,8fc9,AX25_Transmit_AFSK
35748,468,802,37018,909a,BellModem_Transmit
22746,436,759,23941,5d85,CC1101_Receive_Address
22626,436,759,23821,5d0d,CC1101_Receive_Blocking
22716,436,760,23912,5d68,CC1101_Receive_Interrupt
22866,538,1103,24507,5fbb,CC1101_Settings
21478,436,759,22673,5891,CC1101_Transmit_Address
22374,438,761,23573,5c15,CC1101_Transmit_Blocking
22478,452,764,23694,5c8e,CC1101_Transmit_Interrupt
33908,444,829,35181,896d,FSK4_Transmit
33944,444,835,35223,8997,FSK4_Transmit_AFSK
36106,444,795,37345,91e1,Hellschreiber_Transmit
36218,460,801,37479,9267,Hellschreiber_Transmit_AFSK
27274,616,797,28687,700f,LR11x0_Channel_Activity_Detection_Blocking
27514,616,798,28928,7100,LR11x0_Channel_Activity_Detection_Interrupt
28828,448,797,30073,7579,LR11x0_GFSK_Modem
28148,616,862,29626,73ba,LR11x0_GNSS_Almanac_Update
29174,632,812,30618,779a,LR11x0_GNSS_Autonomous_Position
29038,624,801,30463,76ff,LR11x0_GNSS_Satellites
27210,444,797,28451,6f23,LR11x0_LR_FHSS_Modem
28928,640,801,30369,76a1,LR11x0_PingPong
28774,628,797,30199,75f7,LR11x0_Receive_Blocking
28854,628,798,30280,7648,LR11x0_Receive_Interrupt
28686,642,799,30127,75af,LR11x0_Transmit_Blocking
28392,644,802,29838,748e,LR11x0_Transmit_Interrupt
30622,650,797,32069,7d45,LR11x0_WiFi_Scan_Blocking
30740,650,798,32188,7dbc,LR11x0_WiFi_Scan_Interrupt
60514,1702,2051,64267,fb0b,LoRaWAN_ABP
66624,1962,2105,70691,11423,LoRaWAN_Class_C
66714,1960,2107,70781,1147d,LoRaWAN_Multicast
62858,1734,2049,66641,10451,LoRaWAN_Reference
60548,1702,2049,64299,fb2b,LoRaWAN_Starter
64244,1030,2564,67838,108fe,LoRaWAN_TS_Packages
35230,408,832,36470,8e76,Morse_Receive_AM
36298,436,830,37564,92bc,Morse_Transmit_AM
36160,436,830,37426,9232,Morse_Transmit_FM
36124,436,824,37384,9208,Morse_Transmit_SSB
38856,410,812,40078,9c8e,Pager_Receive
38884,428,810,40122,9cba,Pager_Transmit
34606,424,773,35803,8bdb,PhysicalLayer_Interface
21744,400,762,22906,597a,RF69_Receive_AES
22010,384,762,23156,5a74,RF69_Receive_Address
22052,396,762,23210,5aaa,RF69_Receive_Blocking
22124,396,763,23283,5af3,RF69_Receive_Interrupt
22716,506,1109,24331,5f0b,RF69_Settings
20878,412,762,22052,5624,RF69_Transmit_AES
21142,396,762,22300,571c,RF69_Transmit_Address
21846,398,764,23008,59e0,RF69_Transmit_Blocking
21952,412,767,23131,5a5b,RF69_Transmit_Interrupt
36234,434,803,37471,925f,RTTY_Transmit
36270,434,809,37513,9289,RTTY_Transmit_AFSK
35020,1758,865,37643,930b,SSTV_Transmit
35070,1758,871,37699,9343,SSTV_Transmit_AFSK
21824,386,763,22973,59bd,SX123x_Receive_Blocking
21880,400,765,23045,5a05,SX123x_Transmit_Blocking
37468,634,825,38927,980f,SX126x_Channel_Activity_Detection_Blocking
37692,634,826,39152,98f0,SX126x_Channel_Activity_Detection_Interrupt
39612,646,827,41085,a07d,SX126x_Channel_Activity_Detection_Receive
38930,656,825,40411,9ddb,SX126x_FSK_Modem
38856,662,827,40345,9d99,SX126x_LR_FHSS_Transmit_Blocking
38510,662,830,40002,9c42,SX126x_LR_FHSS_Transmit_Interrupt
39056,660,829,40545,9e61,SX126x_PingPong
39170,646,825,40641,9ec1,SX126x_Receive_Blocking
39248,646,826,40720,9f10,SX126x_Receive_Interrupt
40854,880,1233,42967,a7d7,SX126x_Settings
39830,646,825,41301,a155,SX126x_Spectrum_Scan
40270,664,825,41759,a31f,SX126x_Spectrum_Scan_Frequency
38882,662,827,40371,9db3,SX126x_Transmit_Blocking
38592,662,830,40084,9c94,SX126x_Transmit_Interrupt
32558,398,773,33729,83c1,SX127x_Channel_Activity_Detection_Blocking
32914,398,775,34087,8527,SX127x_Channel_Activity_Detection_Interrupt
34940,410,776,36126,8d1e,SX127x_Channel_Activity_Detection_Receive
34784,420,773,35977,8c89,SX127x_FSK_Modem
34246,424,777,35447,8a77,SX127x_PingPong
34474,410,773,35657,8b49,SX127x_Receive_Blocking
32632,440,773,33845,8435,SX127x_Receive_Direct
34152,422,777,35351,8a17,SX127x_Receive_FHSS
34566,410,774,35750,8ba6,SX127x_Receive_Interrupt
37912,636,1131,39679,9aff,SX127x_Settings
34064,426,775,35265,89c1,SX127x_Transmit_Blocking
34656,644,787,36087,8cf7,SX127x_Transmit_FHSS
33772,426,778,34976,88a0,SX127x_Transmit_Interrupt
26384,412,780,27576,6bb8,SX128x_BLE_Modem
24780,400,780,25960,6568,SX128x_Channel_Activity_Detection_Blocking
25010,400,781,26191,664f,SX128x_Channel_Activity_Detection_Interrupt
26448,420,780,27648,6c00,SX128x_FLRC_Modem
26066,418,780,27264,6a80,SX128x_GFSK_Modem
26268,448,780,27496,6b68,SX128x_Ranging
26526,412,780,27718,6c46,SX128x_Receive_Blocking
26616,412,781,27809,6ca1,SX128x_Receive_Interrupt
26208,628,1145,27981,6d4d,SX128x_Settings
25808,414,782,27004,697c,SX128x_Transmit_Blocking
25916,428,785,27129,69f9,SX128x_Transmit_Interrupt
23908,386,757,25051,61db,Si443x_Receive_Blocking
23992,386,758,25136,6230,Si443x_Receive_Interrupt
24208,504,1099,25811,64d3,Si443x_Settings
24086,400,759,25245,629d,Si443x_Transmit_Blocking
24170,414,762,25346,6302,Si443x_Transmit_Interrupt
33228,398,1289,34915,8863,Stream_Receive
33630,912,787,35329,8a01,Stream_Transmit
17424,388,746,18558,487e,nRF24_Receive_Blocking
17520,388,747,18655,48df,nRF24_Receive_Interrupt
17754,404,748,18906,49da,nRF24_Transmit_Blocking
17830,416,751,18997,4a35,nRF24_Transmit_Interrupt
