text,data,bss,dec,hex,filename
33354,740,775,34869,8835,AFSK_Imperial_March
33094,396,775,34265,85d9,AFSK_Tone
33226,396,775,34397,865d,AFSK_Tone_AM
38114,446,810,39370,99ca,APRS_MicE
38940,544,810,40294,9d66,APRS_Position
37626,482,788,38896,97f0,APRS_Position_LoRa
35268,458,785,36511,8e9f,AX25_Frames
34856,420,785,36061,8cdd,AX25_Transmit
35710,438,791,36939,904b,AX25_Transmit_AFSK
35884,466,798,37148,911c,BellModem_Transmit
22690,434,759,23883,5d4b,CC1101_Receive_Address
22570,434,759,23763,5cd3,CC1101_Receive_Blocking
22666,434,760,23860,5d34,CC1101_Receive_Interrupt
22812,534,1103,24449,5f81,CC1101_Settings
21428,434,759,22621,585d,CC1101_Transmit_Address
22324,436,761,23521,5be1,CC1101_Transmit_Blocking
22428,450,764,23642,5c5a,CC1101_Transmit_Interrupt
34044,442,825,35311,89ef,FSK4_Transmit
34080,442,831,35353,8a19,FSK4_Transmit_AFSK
36242,442,791,37475,9263,Hellschreiber_Transmit
36354,458,797,37609,92e9,Hellschreiber_Transmit_AFSK
26936,614,797,28347,6ebb,LR11x0_Channel_Activity_Detection_Blocking
27176,614,798,28588,6fac,LR11x0_Channel_Activity_Detection_Interrupt
28484,446,797,29727,741f,LR11x0_GFSK_Modem
27810,614,862,29286,7266,LR11x0_GNSS_Almanac_Update
28836,630,812,30278,7646,LR11x0_GNSS_Autonomous_Position
28700,622,801,30123,75ab,LR11x0_GNSS_Satellites
26872,442,797,28111,6dcf,LR11x0_LR_FHSS_Modem
28590,638,801,30029,754d,LR11x0_PingPong
28430,626,797,29853,749d,LR11x0_Receive_Blocking
28516,626,798,29940,74f4,LR11x0_Receive_Interrupt
28348,640,799,29787,745b,LR11x0_Transmit_Blocking
28054,642,802,29498,733a,LR11x0_Transmit_Interrupt
30284,648,797,31729,7bf1,LR11x0_WiFi_Scan_Blocking
30402,648,798,31848,7c68,LR11x0_WiFi_Scan_Interrupt
60642,1700,2047,64389,fb85,LoRaWAN_ABP
66326,1960,2105,70391,112f7,LoRaWAN_Class_C
66416,1958,2107,70481,11351,LoRaWAN_Multicast
62986,1732,2045,66763,104cb,LoRaWAN_Reference
60676,1700,2045,64421,fba5,LoRaWAN_Starter
64372,1028,2560,67960,10978,LoRaWAN_TS_Packages
35366,406,828,36600,8ef8,Morse_Receive_AM
36434,434,826,37694,933e,Morse_Transmit_AM
36296,434,826,37556,92b4,Morse_Transmit_FM
36260,434,820,37514,928a,Morse_Transmit_SSB
38992,408,808,40208,9d10,Pager_Receive
39020,426,806,40252,9d3c,Pager_Transmit
34736,422,769,35927,8c57,PhysicalLayer_Interface
21734,398,762,22894,596e,RF69_Receive_AES
22000,382,762,23144,5a68,RF69_Receive_Address
22042,394,762,23198,5a9e,RF69_Receive_Blocking
22120,394,763,23277,5aed,RF69_Receive_Interrupt
22708,502,1109,24319,5eff,RF69_Settings
20874,410,762,22046,561e,RF69_Transmit_AES
21138,394,762,22294,5716,RF69_Transmit_Address
21842,396,764,23002,59da,RF69_Transmit_Blocking
21948,410,767,23125,5a55,RF69_Transmit_Interrupt
36370,432,799,37601,92e1,RTTY_Transmit
36406,432,805,37643,930b,RTTY_Transmit_AFSK
35156,1756,861,37773,938d,SSTV_Transmit
35212,1756,867,37835,93cb,SSTV_Transmit_AFSK
21814,384,763,22961,59b1,SX123x_Receive_Blocking
21876,398,765,23039,59ff,SX123x_Transmit_Blocking
37178,632,825,38635,96eb,SX126x_Channel_Activity_Detection_Blocking
37402,632,826,38860,97cc,SX126x_Channel_Activity_Detection_Interrupt
39322,644,827,40793,9f59,SX126x_Channel_Activity_Detection_Receive
38634,654,825,40113,9cb1,SX126x_FSK_Modem
38566,660,827,40053,9c75,SX126x_LR_FHSS_Transmit_Blocking
38220,660,830,39710,9b1e,SX126x_LR_FHSS_Transmit_Interrupt
38766,658,829,40253,9d3d,SX126x_PingPong
38874,644,825,40343,9d97,SX126x_Receive_Blocking
38958,644,826,40428,9dec,SX126x_Receive_Interrupt
40560,874,1233,42667,a6ab,SX126x_Settings
39540,644,825,41009,a031,SX126x_Spectrum_Scan
39980,662,825,41467,a1fb,SX126x_Spectrum_Scan_Frequency
38592,660,827,40079,9c8f,SX126x_Transmit_Blocking
38302,660,830,39792,9b70,SX126x_Transmit_Interrupt
32694,396,769,33859,8443,SX127x_Channel_Activity_Detection_Blocking
33050,396,771,34217,85a9,SX127x_Channel_Activity_Detection_Interrupt
35076,408,772,36256,8da0,SX127x_Channel_Activity_Detection_Receive
34914,418,769,36101,8d05,SX127x_FSK_Modem
34382,422,773,35577,8af9,SX127x_PingPong
34604,408,769,35781,8bc5,SX127x_Receive_Blocking
32768,438,769,33975,84b7,SX127x_Receive_Direct
34288,420,773,35481,8a99,SX127x_Receive_FHSS
34702,408,770,35880,8c28,SX127x_Receive_Interrupt
38004,630,1123,39757,9b4d,SX127x_Settings
34200,424,771,35395,8a43,SX127x_Transmit_Blocking
34792,642,783,36217,8d79,SX127x_Transmit_FHSS
33908,424,774,35106,8922,SX127x_Transmit_Interrupt
25950,410,776,27136,6a00,SX128x_BLE_Modem
24352,398,776,25526,63b6,SX128x_Channel_Activity_Detection_Blocking
24582,398,777,25757,649d,SX128x_Channel_Activity_Detection_Interrupt
26014,418,776,27208,6a48,SX128x_FLRC_Modem
25632,416,776,26824,68c8,SX128x_GFSK_Modem
25840,446,776,27062,69b6,SX128x_Ranging
26092,410,776,27278,6a8e,SX128x_Receive_Blocking
26188,410,777,27375,6aef,SX128x_Receive_Interrupt
25760,622,1137,27519,6b7f,SX128x_Settings
25380,412,778,26570,67ca,SX128x_Transmit_Blocking
25488,426,781,26695,6847,SX128x_Transmit_Interrupt
23896,384,757,25037,61cd,Si443x_Receive_Blocking
23986,384,758,25128,6228,Si443x_Receive_Interrupt
24198,500,1099,25797,64c5,Si443x_Settings
24080,398,759,25237,6295,Si443x_Transmit_Blocking
24164,412,762,25338,62fa,Si443x_Transmit_Interrupt
33364,396,1285,35045,88e5,Stream_Receive
33766,910,783,35459,8a83,Stream_Transmit
17360,386,746,18492,483c,nRF24_Receive_Blocking
17462,386,747,18595,48a3,nRF24_Receive_Interrupt
17696,402,748,18846,499e,nRF24_Transmit_Blocking
17772,414,751,18937,49f9,nRF24_Transmit_Interrupt
