text,data,bss,dec,hex,filename
32520,694,770,33984,84c0,AFSK_Imperial_March
32260,350,770,33380,8264,AFSK_Tone
32392,350,770,33512,82e8,AFSK_Tone_AM
37262,398,805,38465,9641,APRS_MicE
38088,496,805,39389,99dd,APRS_Position
36798,436,783,38017,9481,APRS_Position_LoRa
34442,410,780,35632,8b30,AX25_Frames
34030,374,780,35184,8970,AX25_Transmit
34878,392,786,36056,8cd8,AX25_Transmit_AFSK
35020,418,793,36231,8d87,BellModem_Transmit
21488,386,755,22629,5865,CC1101_Receive_Address
21368,386,755,22509,57ed,CC1101_Receive_Blocking
21454,386,756,22596,5844,CC1101_Receive_Interrupt
21510,374,1097,22981,59c5,CC1101_Settings
20180,388,755,21323,534b,CC1101_Transmit_Address
21120,390,757,22267,56fb,CC1101_Transmit_Blocking
21222,402,760,22384,5770,CC1101_Transmit_Interrupt
33192,396,820,34408,8668,FSK4_Transmit
33222,396,826,34444,868c,FSK4_Transmit_AFSK
35394,394,786,36574,8ede,Hellschreiber_Transmit
35494,410,792,36696,8f58,Hellschreiber_Transmit_AFSK
26066,566,789,27421,6b1d,LR11x0_Channel_Activity_Detection_Blocking
26306,566,790,27662,6c0e,LR11x0_Channel_Activity_Detection_Interrupt
27614,400,789,28803,7083,LR11x0_GFSK_Modem
26926,566,854,28346,6eba,LR11x0_GNSS_Almanac_Update
27958,584,804,29346,72a2,LR11x0_GNSS_Autonomous_Position
27808,576,793,29177,71f9,LR11x0_GNSS_Satellites
26002,396,789,27187,6a33,LR11x0_LR_FHSS_Modem
27720,592,793,29105,71b1,LR11x0_PingPong
27560,578,789,28927,70ff,LR11x0_Receive_Blocking
27646,578,790,29014,7156,LR11x0_Receive_Interrupt
27478,594,791,28863,70bf,LR11x0_Transmit_Blocking
27184,594,794,28572,6f9c,LR11x0_Transmit_Interrupt
29456,600,789,30845,787d,LR11x0_WiFi_Scan_Blocking
29576,600,790,30966,78f6,LR11x0_WiFi_Scan_Interrupt
58232,1760,1988,61980,f21c,LoRaWAN_ABP
60532,1792,1986,64310,fb36,LoRaWAN_Reference
58242,1760,1986,61988,f224,LoRaWAN_Starter
34448,360,823,35631,8b2f,Morse_Receive_AM
35516,388,821,36725,8f75,Morse_Transmit_AM
35378,388,821,36587,8eeb,Morse_Transmit_FM
35354,388,815,36557,8ecd,Morse_Transmit_SSB
38102,360,803,39265,9961,Pager_Receive
38110,380,801,39291,997b,Pager_Transmit
33910,374,764,35048,88e8,PhysicalLayer_Interface
21230,350,759,22339,5743,RF69_Receive_AES
21496,334,759,22589,583d,RF69_Receive_Address
21538,346,759,22643,5873,RF69_Receive_Blocking
21606,346,760,22712,58b8,RF69_Receive_Interrupt
22068,342,1105,23515,5bdb,RF69_Settings
20370,364,759,21493,53f5,RF69_Transmit_AES
20634,348,759,21741,54ed,RF69_Transmit_Address
21340,350,761,22451,57b3,RF69_Transmit_Blocking
21446,362,764,22572,582c,RF69_Transmit_Interrupt
35496,386,794,36676,8f44,RTTY_Transmit
35520,386,800,36706,8f62,RTTY_Transmit_AFSK
34264,1710,856,36830,8fde,SSTV_Transmit
34312,1710,862,36884,9014,SSTV_Transmit_AFSK
21312,336,760,22408,5788,SX123x_Receive_Blocking
21374,352,762,22488,57d8,SX123x_Transmit_Blocking
36284,590,817,37691,933b,SX126x_Channel_Activity_Detection_Blocking
36508,590,818,37916,941c,SX126x_Channel_Activity_Detection_Interrupt
38458,602,819,39879,9bc7,SX126x_Channel_Activity_Detection_Receive
37770,610,817,39197,991d,SX126x_FSK_Modem
37724,616,819,39159,98f7,SX126x_LR_FHSS_Transmit_Blocking
37378,618,822,38818,97a2,SX126x_LR_FHSS_Transmit_Interrupt
37902,614,821,39337,99a9,SX126x_PingPong
38010,602,817,39429,9a05,SX126x_Receive_Blocking
38094,602,818,39514,9a5a,SX126x_Receive_Interrupt
39098,824,1219,41141,a0b5,SX126x_Settings
38758,600,817,40175,9cef,SX126x_Spectrum_Scan
39198,618,817,40633,9eb9,SX126x_Spectrum_Scan_Frequency
37728,616,819,39163,98fb,SX126x_Transmit_Blocking
37438,618,822,38878,97de,SX126x_Transmit_Interrupt
31868,350,764,32982,80d6,SX127x_Channel_Activity_Detection_Blocking
32224,350,766,33340,823c,SX127x_Channel_Activity_Detection_Interrupt
34250,362,767,35379,8a33,SX127x_Channel_Activity_Detection_Receive
34088,370,764,35222,8996,SX127x_FSK_Modem
33556,374,768,34698,878a,SX127x_PingPong
33778,362,764,34904,8858,SX127x_Receive_Blocking
31942,390,764,33096,8148,SX127x_Receive_Direct
33462,374,768,34604,872c,SX127x_Receive_FHSS
33876,362,765,35003,88bb,SX127x_Receive_Interrupt
37168,464,1115,38747,975b,SX127x_Settings
33374,376,766,34516,86d4,SX127x_Transmit_Blocking
34076,594,778,35448,8a78,SX127x_Transmit_FHSS
33082,378,769,34229,85b5,SX127x_Transmit_Interrupt
24468,364,767,25599,63ff,SX128x_BLE_Modem
22784,350,767,23901,5d5d,SX128x_Channel_Activity_Detection_Blocking
23014,350,768,24132,5e44,SX128x_Channel_Activity_Detection_Interrupt
24558,372,767,25697,6461,SX128x_FLRC_Modem
24172,368,767,25307,62db,SX128x_GFSK_Modem
24912,398,767,26077,65dd,SX128x_Ranging
25306,362,767,26435,6743,SX128x_Receive_Blocking
25402,362,768,26532,67a4,SX128x_Receive_Interrupt
24320,350,1121,25791,64bf,SX128x_Settings
23836,366,769,24971,618b,SX128x_Transmit_Blocking
23944,378,772,25094,6206,SX128x_Transmit_Interrupt
23212,336,752,24300,5eec,Si443x_Receive_Blocking
23292,336,753,24381,5f3d,Si443x_Receive_Interrupt
23384,340,1091,24815,60ef,Si443x_Settings
23396,352,754,24502,5fb6,Si443x_Transmit_Blocking
23480,364,757,24601,6019,Si443x_Transmit_Interrupt
32416,350,1280,34046,84fe,Stream_Receive
33050,862,778,34690,8782,Stream_Transmit
16910,340,742,17992,4648,nRF24_Receive_Blocking
17002,340,743,18085,46a5,nRF24_Receive_Interrupt
17246,354,744,18344,47a8,nRF24_Transmit_Blocking
17322,368,747,18437,4805,nRF24_Transmit_Interrupt
