text,data,bss,dec,hex,filename
222521,102440,6113,331074,50d42,AFSK_Imperial_March
222385,101736,6113,330234,509fa,AFSK_Tone
222469,101796,6113,330378,50a8a,AFSK_Tone_AM
226205,101912,6169,334286,519ce,APRS_MicE
225665,102168,6169,334002,518b2,APRS_Position
225813,101884,6137,333834,5180a,APRS_Position_LoRa
224221,101928,6129,332278,511f6,AX25_Frames
223805,101784,6129,331718,50fc6,AX25_Transmit
224313,101832,6137,332282,511fa,AX25_Transmit_AFSK
225017,102068,6145,333230,515ae,BellModem_Transmit
216529,101728,6081,324338,4f2f2,CC1101_Receive_Address
216413,101696,6081,324190,4f25e,CC1101_Receive_Blocking
216521,101696,6089,324306,4f2d2,CC1101_Receive_Interrupt
215565,101984,6449,323998,4f19e,CC1101_Settings
215357,101592,6081,323030,4edd6,CC1101_Transmit_Address
215641,101588,6089,323318,4eef6,CC1101_Transmit_Blocking
215733,101660,6097,323490,4efa2,CC1101_Transmit_Interrupt
222969,101800,6161,330930,50cb2,FSK4_Transmit
223001,101800,6169,330970,50cda,FSK4_Transmit_AFSK
224965,102368,6137,333470,5169e,Hellschreiber_Transmit
225053,102384,6145,333582,5170e,Hellschreiber_Transmit_AFSK
220969,101976,6129,329074,50572,LR11x0_Channel_Activity_Detection_Blocking
221137,102036,6129,329302,50656,LR11x0_Channel_Activity_Detection_Interrupt
221533,347236,6129,574898,8c5b2,LR11x0_Firmware_Update
221961,102132,6129,330222,509ee,LR11x0_GFSK_Modem
222949,102304,6209,331462,50ec6,LR11x0_GNSS_Almanac_Update
222941,102156,6145,331242,50dea,LR11x0_GNSS_Autonomous_Position
222365,102212,6129,330706,50bd2,LR11x0_GNSS_Satellites
220817,101880,6129,328826,5047a,LR11x0_LR_FHSS_Modem
222345,102164,6137,330646,50b96,LR11x0_PingPong
222117,102096,6129,330342,50a66,LR11x0_Receive_Blocking
222213,102096,6129,330438,50ac6,LR11x0_Receive_Interrupt
221917,102012,6129,330058,5094a,LR11x0_Transmit_Blocking
221509,102060,6137,329706,507ea,LR11x0_Transmit_Interrupt
223137,102148,6129,331414,50e96,LR11x0_WiFi_Scan_Blocking
223189,102196,6129,331514,50efa,LR11x0_WiFi_Scan_Interrupt
240121,104104,7993,352218,55fda,LoRaWAN_ABP
243601,104640,8081,356322,56fe2,LoRaWAN_Class_C
243709,104608,8089,356406,57036,LoRaWAN_Multicast
241761,104652,8009,354422,56876,LoRaWAN_Reference
240073,104120,8009,352202,55fca,LoRaWAN_Starter
242077,103764,8521,354362,5683a,LoRaWAN_TS_Packages
223465,101832,6177,331474,50ed2,Morse_Receive_AM
225205,102156,6177,333538,516e2,Morse_Transmit_AM
225121,102096,6177,333394,51652,Morse_Transmit_FM
225085,102096,6169,333350,51626,Morse_Transmit_SSB
225133,101960,6153,333246,515be,Pager_Receive
224989,101864,6153,333006,514ce,Pager_Transmit
223769,102020,6105,331894,51076,PhysicalLayer_Interface
214873,101548,6089,322510,4ebce,RF69_Receive_AES
215033,101624,6089,322746,4ecba,RF69_Receive_Address
215237,101556,6089,322882,4ed42,RF69_Receive_Blocking
215365,101584,6089,323038,4edde,RF69_Receive_Interrupt
214821,102044,6457,323322,4eefa,RF69_Settings
214305,101480,6089,321874,4e952,RF69_Transmit_AES
214465,101572,6089,322126,4ea4e,RF69_Transmit_Address
214609,101492,6089,322190,4ea8e,RF69_Transmit_Blocking
214701,101564,6097,322362,4eb3a,RF69_Transmit_Interrupt
225217,102032,6145,333394,51652,RTTY_Transmit
225257,102032,6153,333442,51682,RTTY_Transmit_AFSK
223785,103204,6241,333230,515ae,SSTV_Transmit
223841,103204,6249,333294,515ee,SSTV_Transmit_AFSK
214701,101772,6089,322562,4ec02,SX123x_Receive_Blocking
214513,101732,6097,322342,4eb26,SX123x_Transmit_Blocking
224497,102008,6169,332674,51382,SX126x_Channel_Activity_Detection_Blocking
224665,102068,6177,332910,5146e,SX126x_Channel_Activity_Detection_Interrupt
226233,102296,6177,334706,51b72,SX126x_Channel_Activity_Detection_Receive
225481,102324,6169,333974,51896,SX126x_FSK_Modem
225441,102044,6177,333662,5175e,SX126x_LR_FHSS_Transmit_Blocking
225061,102076,6185,333322,5160a,SX126x_LR_FHSS_Transmit_Interrupt
225877,102180,6177,334234,5199a,SX126x_PingPong
225921,102172,6169,334262,519b6,SX126x_Receive_Blocking
226017,102172,6177,334366,51a1e,SX126x_Receive_Interrupt
225689,102752,6625,335066,51cda,SX126x_Settings
225097,103604,6169,334870,51c16,SX126x_Spectrum_Scan
225641,103616,6169,335426,51e42,SX126x_Spectrum_Scan_Frequency
225445,102044,6177,333666,51762,SX126x_Transmit_Blocking
225037,102076,6185,333298,515f2,SX126x_Transmit_Interrupt
222109,101768,6105,329982,508fe,SX127x_Channel_Activity_Detection_Blocking
222297,101784,6105,330186,509ca,SX127x_Channel_Activity_Detection_Interrupt
224033,102072,6105,332210,511b2,SX127x_Channel_Activity_Detection_Receive
223429,102324,6105,331858,51052,SX127x_FSK_Modem
223509,101956,6113,331578,50f3a,SX127x_PingPong
223685,101948,6105,331738,50fda,SX127x_Receive_Blocking
222357,101748,6105,330210,509e2,SX127x_Receive_Direct
223225,102008,6113,331346,50e52,SX127x_Receive_FHSS
223785,101980,6105,331870,5105e,SX127x_Receive_Interrupt
225481,102432,6489,334402,51a42,SX127x_Settings
223077,101804,6105,330986,50cea,SX127x_Transmit_Blocking
223253,102264,6137,331654,50f86,SX127x_Transmit_FHSS
222673,101852,6113,330638,50b8e,SX127x_Transmit_Interrupt
217673,102264,6105,326042,4f99a,SX128x_BLE_Modem
216545,101976,6105,324626,4f412,SX128x_Channel_Activity_Detection_Blocking
216713,102052,6113,324878,4f50e,SX128x_Channel_Activity_Detection_Interrupt
217737,102308,6105,326150,4fa06,SX128x_FLRC_Modem
217385,102308,6105,325798,4f8a6,SX128x_GFSK_Modem
217925,102000,6105,326030,4f98e,SX128x_Ranging
217985,102156,6105,326246,4fa66,SX128x_Receive_Blocking
218093,102156,6113,326362,4fada,SX128x_Receive_Interrupt
217201,102304,6497,326002,4f972,SX128x_Settings
216989,101988,6113,325090,4f5e2,SX128x_Transmit_Blocking
217085,102060,6121,325266,4f692,SX128x_Transmit_Interrupt
215681,101772,6081,323534,4efce,Si443x_Receive_Blocking
215789,101772,6081,323642,4f03a,Si443x_Receive_Interrupt
215481,102176,6441,324098,4f202,Si443x_Settings
215541,101748,6081,323370,4ef2a,Si443x_Transmit_Blocking
215617,101804,6089,323510,4efb6,Si443x_Transmit_Interrupt
222421,101796,6625,330842,50c5a,Stream_Receive
222485,102316,6137,330938,50cba,Stream_Transmit
212537,101592,6065,320194,4e2c2,nRF24_Receive_Blocking
212637,101624,6073,320334,4e34e,nRF24_Receive_Interrupt
212353,101556,6073,319982,4e1ee,nRF24_Transmit_Blocking
212445,101640,6081,320166,4e2a6,nRF24_Transmit_Interrupt
