text,data,bss,dec,hex,filename
35590,896,791,37277,919d,AFSK_Imperial_March
35398,552,791,36741,8f85,AFSK_Tone
35530,552,791,36873,9009,AFSK_Tone_AM
42908,616,826,44350,ad3e,APRS_MicE
42374,708,826,43908,ab84,APRS_Position
42182,676,804,43662,aa8e,APRS_Position_LoRa
38140,612,801,39553,9a81,AX25_Frames
37700,576,801,39077,98a5,AX25_Transmit
38716,604,807,40127,9cbf,AX25_Transmit_AFSK
39874,632,814,41320,a168,BellModem_Transmit
25242,498,771,26511,678f,CC1101_Receive_Address
25050,498,771,26319,66cf,CC1101_Receive_Blocking
25126,498,772,26396,671c,CC1101_Receive_Interrupt
23896,486,1115,25497,6399,CC1101_Settings
23278,500,771,24549,5fe5,CC1101_Transmit_Address
24364,502,773,25639,6427,CC1101_Transmit_Blocking
24486,514,776,25776,64b0,CC1101_Transmit_Interrupt
36676,600,841,38117,94e5,FSK4_Transmit
36718,600,847,38165,9515,FSK4_Transmit_AFSK
40082,608,807,41497,a219,Hellschreiber_Transmit
40162,624,813,41599,a27f,Hellschreiber_Transmit_AFSK
33676,762,809,35247,89af,LR11x0_Channel_Activity_Detection_Blocking
33958,762,810,35530,8aca,LR11x0_Channel_Activity_Detection_Interrupt
35614,596,809,37019,909b,LR11x0_GFSK_Modem
36944,762,874,38580,96b4,LR11x0_GNSS_Almanac_Update
36774,780,824,38378,95ea,LR11x0_GNSS_Autonomous_Position
36094,772,813,37679,932f,LR11x0_GNSS_Satellites
33364,592,809,34765,87cd,LR11x0_LR_FHSS_Modem
35844,788,813,37445,9245,LR11x0_PingPong
35618,774,809,37201,9151,LR11x0_Receive_Blocking
35686,774,810,37270,9196,LR11x0_Receive_Interrupt
35610,790,811,37211,915b,LR11x0_Transmit_Blocking
35104,790,814,36708,8f64,LR11x0_Transmit_Interrupt
37848,796,809,39453,9a1d,LR11x0_WiFi_Scan_Blocking
37904,796,810,39510,9a56,LR11x0_WiFi_Scan_Interrupt
65652,2098,2278,70028,1118c,LoRaWAN_ABP
72350,2362,2342,77054,12cfe,LoRaWAN_Class_C
72640,2360,2348,77348,12e24,LoRaWAN_Multicast
68610,2130,2288,73028,11d44,LoRaWAN_Reference
65720,2098,2288,70106,111da,LoRaWAN_Starter
70360,1428,2803,74591,1235f,LoRaWAN_TS_Packages
37754,562,844,39160,98f8,Morse_Receive_AM
40174,602,842,41618,a292,Morse_Transmit_AM
40040,602,842,41484,a20c,Morse_Transmit_FM
39998,602,836,41436,a1dc,Morse_Transmit_SSB
42004,562,824,43390,a97e,Pager_Receive
41826,582,824,43232,a8e0,Pager_Transmit
37838,578,785,39201,9921,PhysicalLayer_Interface
23570,430,774,24774,60c6,RF69_Receive_AES
23882,414,774,25070,61ee,RF69_Receive_Address
23970,426,774,25170,6252,RF69_Receive_Blocking
24044,426,775,25245,629d,RF69_Receive_Interrupt
23526,422,1121,25069,61ed,RF69_Settings
22276,444,774,23494,5bc6,RF69_Transmit_AES
22590,428,774,23792,5cf0,RF69_Transmit_Address
23408,430,776,24614,6026,RF69_Transmit_Blocking
23528,442,779,24749,60ad,RF69_Transmit_Interrupt
40356,600,815,41771,a32b,RTTY_Transmit
40398,600,821,41819,a35b,RTTY_Transmit_AFSK
37634,1912,877,40423,9de7,SSTV_Transmit
37682,1912,883,40477,9e1d,SSTV_Transmit_AFSK
23232,532,775,24539,5fdb,SX123x_Receive_Blocking
23180,548,777,24505,5fb9,SX123x_Transmit_Blocking
39888,792,835,41515,a22b,SX126x_Channel_Activity_Detection_Blocking
40170,792,836,41798,a346,SX126x_Channel_Activity_Detection_Interrupt
42730,804,837,44371,ad53,SX126x_Channel_Activity_Detection_Receive
41874,812,835,43521,aa01,SX126x_FSK_Modem
41786,818,837,43441,a9b1,SX126x_LR_FHSS_Transmit_Blocking
41308,820,840,42968,a7d8,SX126x_LR_FHSS_Transmit_Interrupt
42056,816,839,43711,aabf,SX126x_PingPong
42240,804,835,43879,ab67,SX126x_Receive_Blocking
42308,804,836,43948,abac,SX126x_Receive_Interrupt
42370,924,1243,44537,adf9,SX126x_Settings
42662,802,835,44299,ad0b,SX126x_Spectrum_Scan
43274,820,835,44929,af81,SX126x_Spectrum_Scan_Frequency
41814,818,837,43469,a9cd,SX126x_Transmit_Blocking
41316,820,840,42976,a7e0,SX126x_Transmit_Interrupt
34916,552,785,36253,8d9d,SX127x_Channel_Activity_Detection_Blocking
35220,552,787,36559,8ecf,SX127x_Channel_Activity_Detection_Interrupt
38036,564,788,39388,99dc,SX127x_Channel_Activity_Detection_Receive
37584,572,785,38941,981d,SX127x_FSK_Modem
37144,576,789,38509,966d,SX127x_PingPong
37568,564,785,38917,9805,SX127x_Receive_Blocking
35222,592,785,36599,8ef7,SX127x_Receive_Direct
36944,578,789,38311,95a7,SX127x_Receive_FHSS
37650,564,786,39000,9858,SX127x_Receive_Interrupt
40284,678,1143,42105,a479,SX127x_Settings
36896,578,787,38261,9575,SX127x_Transmit_Blocking
37168,798,799,38765,976d,SX127x_Transmit_FHSS
36396,580,790,37766,9386,SX127x_Transmit_Interrupt
28616,680,792,30088,7588,SX128x_BLE_Modem
26178,666,792,27636,6bf4,SX128x_Channel_Activity_Detection_Blocking
26460,666,793,27919,6d0f,SX128x_Channel_Activity_Detection_Interrupt
28492,684,792,29968,7510,SX128x_FLRC_Modem
27942,684,792,29418,72ea,SX128x_GFSK_Modem
28184,714,792,29690,73fa,SX128x_Ranging
28532,678,792,30002,7532,SX128x_Receive_Blocking
28608,678,793,30079,757f,SX128x_Receive_Interrupt
27302,666,1157,29125,71c5,SX128x_Settings
27484,682,794,28960,7120,SX128x_Transmit_Blocking
27606,694,797,29097,71a9,SX128x_Transmit_Interrupt
25284,532,769,26585,67d9,Si443x_Receive_Blocking
25358,532,770,26660,6824,Si443x_Receive_Interrupt
24920,536,1111,26567,67c7,Si443x_Settings
25312,548,771,26631,6807,Si443x_Transmit_Blocking
25410,560,774,26744,6878,Si443x_Transmit_Interrupt
35404,552,1301,37257,9189,Stream_Receive
36084,1064,799,37947,943b,Stream_Transmit
19082,420,758,20260,4f24,nRF24_Receive_Blocking
19154,420,759,20333,4f6d,nRF24_Receive_Interrupt
19114,434,760,20308,4f54,nRF24_Transmit_Blocking
19184,448,763,20395,4fab,nRF24_Transmit_Interrupt
