text,data,bss,dec,hex,filename
63560,940,14068,78568,132e8,AFSK_Imperial_March
63332,252,14068,77652,12f54,AFSK_Tone
63416,252,14068,77736,12fa8,AFSK_Tone_AM
75752,616,14120,90488,16178,APRS_MicE
75560,616,14120,90296,160b8,APRS_Position
75384,616,14088,90088,15fe8,APRS_Position_LoRa
65076,252,14084,79412,13634,AX25_Frames
64700,252,14084,79036,134bc,AX25_Transmit
65232,252,14092,79576,136d8,AX25_Transmit_AFSK
65988,252,14100,80340,139d4,BellModem_Transmit
56700,252,14044,70996,11554,CC1101_Receive_Address
56564,252,14044,70860,114cc,CC1101_Receive_Blocking
56644,252,14048,70944,11520,CC1101_Receive_Interrupt
56104,252,14404,70760,11468,CC1101_Settings
55604,252,14044,69900,1110c,CC1101_Transmit_Address
56136,252,14048,70436,11324,CC1101_Transmit_Blocking
56272,252,14056,70580,113b4,CC1101_Transmit_Interrupt
63936,304,14116,78356,13214,FSK4_Transmit
63968,304,14124,78396,1323c,FSK4_Transmit_AFSK
66240,252,14096,80588,13acc,Hellschreiber_Transmit
66320,252,14104,80676,13b24,Hellschreiber_Transmit_AFSK
61548,252,14088,75888,12870,LR11x0_Channel_Activity_Detection_Blocking
61724,252,14092,76068,12924,LR11x0_Channel_Activity_Detection_Interrupt
62488,252,14088,76828,12c1c,LR11x0_GFSK_Modem
63448,252,14168,77868,1302c,LR11x0_GNSS_Almanac_Update
63580,252,14104,77936,13070,LR11x0_GNSS_Autonomous_Position
62976,252,14092,77320,12e08,LR11x0_GNSS_Satellites
61272,252,14088,75612,1275c,LR11x0_LR_FHSS_Modem
62912,252,14100,77264,12dd0,LR11x0_PingPong
62680,252,14088,77020,12cdc,LR11x0_Receive_Blocking
62744,252,14092,77088,12d20,LR11x0_Receive_Interrupt
62800,252,14092,77144,12d58,LR11x0_Transmit_Blocking
62388,252,14100,76740,12bc4,LR11x0_Transmit_Interrupt
63792,252,14088,78132,13134,LR11x0_WiFi_Scan_Blocking
63856,252,14092,78200,13178,LR11x0_WiFi_Scan_Interrupt
64776,616,14136,79528,136a8,Morse_Receive_AM
66496,616,14128,81240,13d58,Morse_Transmit_AM
66408,616,14128,81152,13d00,Morse_Transmit_FM
66376,616,14120,81112,13cd8,Morse_Transmit_SSB
65920,256,14108,80284,1399c,Pager_Receive
65760,252,14112,80124,138fc,Pager_Transmit
64772,256,14056,79084,134ec,PhysicalLayer_Interface
55404,252,14048,69704,11048,RF69_Receive_AES
55616,252,14048,69916,1111c,RF69_Receive_Address
55804,252,14048,70104,111d8,RF69_Receive_Blocking
55884,252,14052,70188,1122c,RF69_Receive_Interrupt
55808,252,14412,70472,11348,RF69_Settings
54872,252,14048,69172,10e34,RF69_Transmit_AES
55088,252,14048,69388,10f0c,RF69_Transmit_Address
55456,252,14052,69760,11080,RF69_Transmit_Blocking
55588,252,14060,69900,1110c,RF69_Transmit_Interrupt
66208,252,14104,80564,13ab4,RTTY_Transmit
66232,252,14112,80596,13ad4,RTTY_Transmit_AFSK
64844,1532,14196,80572,13abc,SSTV_Transmit
64892,1532,14204,80628,13af4,SSTV_Transmit_AFSK
55460,252,14052,69764,11084,SX123x_Receive_Blocking
55592,252,14056,69900,1110c,SX123x_Transmit_Blocking
64764,252,14132,79148,1352c,SX126x_Channel_Activity_Detection_Blocking
64940,252,14136,79328,135e0,SX126x_Channel_Activity_Detection_Interrupt
66532,252,14136,80920,13c18,SX126x_Channel_Activity_Detection_Receive
65880,252,14132,80264,13988,SX126x_FSK_Modem
65992,252,14136,80380,139fc,SX126x_LR_FHSS_Transmit_Blocking
65604,252,14144,80000,13880,SX126x_LR_FHSS_Transmit_Interrupt
66128,252,14144,80524,13a8c,SX126x_PingPong
66180,252,14132,80564,13ab4,SX126x_Receive_Blocking
66256,252,14136,80644,13b04,SX126x_Receive_Interrupt
66664,252,14580,81496,13e58,SX126x_Settings
66904,252,14132,81288,13d88,SX126x_Spectrum_Scan
67480,252,14132,81864,13fc8,SX126x_Spectrum_Scan_Frequency
66008,252,14136,80396,13a0c,SX126x_Transmit_Blocking
65604,252,14144,80000,13880,SX126x_Transmit_Interrupt
63120,252,14060,77432,12e78,SX127x_Channel_Activity_Detection_Blocking
63284,252,14068,77604,12f24,SX127x_Channel_Activity_Detection_Interrupt
65052,252,14068,79372,1360c,SX127x_Channel_Activity_Detection_Receive
64784,252,14060,79096,134f8,SX127x_FSK_Modem
64512,252,14072,78836,133f4,SX127x_PingPong
64680,252,14060,78992,13490,SX127x_Receive_Blocking
63260,252,14060,77572,12f04,SX127x_Receive_Direct
64216,280,14068,78564,132e4,SX127x_Receive_FHSS
64784,252,14064,79100,134fc,SX127x_Receive_Interrupt
67040,252,14436,81728,13f40,SX127x_Settings
64388,252,14064,78704,13370,SX127x_Transmit_Blocking
64708,284,14092,79084,134ec,SX127x_Transmit_FHSS
63980,252,14072,78304,131e0,SX127x_Transmit_Interrupt
58248,252,14064,72564,11b74,SX128x_BLE_Modem
56956,252,14064,71272,11668,SX128x_Channel_Activity_Detection_Blocking
57140,252,14068,71460,11724,SX128x_Channel_Activity_Detection_Interrupt
58236,252,14064,72552,11b68,SX128x_FLRC_Modem
57948,252,14064,72264,11a48,SX128x_GFSK_Modem
58400,252,14064,72716,11c0c,SX128x_Ranging
58372,252,14064,72688,11bf0,SX128x_Receive_Blocking
58448,252,14068,72768,11c40,SX128x_Receive_Interrupt
57860,252,14444,72556,11b6c,SX128x_Settings
57660,252,14068,71980,1192c,SX128x_Transmit_Blocking
57796,252,14076,72124,119bc,SX128x_Transmit_Interrupt
56356,252,14040,70648,113f8,Si443x_Receive_Blocking
56432,252,14044,70728,11448,Si443x_Receive_Interrupt
56552,252,14396,71200,11620,Si443x_Settings
56532,252,14044,70828,114ac,Si443x_Transmit_Blocking
56648,252,14052,70952,11528,Si443x_Transmit_Interrupt
63400,252,14584,78236,1319c,Stream_Receive
64236,256,14088,78580,132f4,Stream_Transmit
53180,252,14028,67460,10784,nRF24_Receive_Blocking
53268,252,14032,67552,107e0,nRF24_Receive_Interrupt
53360,252,14032,67644,1083c,nRF24_Transmit_Blocking
53444,252,14040,67736,10898,nRF24_Transmit_Interrupt
