text,data,bss,dec,hex,filename
55112,1344,4500,60956,ee1c,AFSK_Imperial_March
54984,656,4500,60140,eaec,AFSK_Tone
55072,656,4500,60228,eb44,AFSK_Tone_AM
59616,656,4548,64820,fd34,APRS_MicE
59320,656,4548,64524,fc0c,APRS_Position
59272,656,4516,64444,fbbc,APRS_Position_LoRa
56760,656,4516,61932,f1ec,AX25_Frames
56376,656,4516,61548,f06c,AX25_Transmit
56864,656,4516,62036,f254,AX25_Transmit_AFSK
57592,656,4532,62780,f53c,BellModem_Transmit
48376,656,4468,53500,d0fc,CC1101_Receive_Address
48224,656,4468,53348,d064,CC1101_Receive_Blocking
48312,656,4484,53452,d0cc,CC1101_Receive_Interrupt
47552,656,4836,53044,cf34,CC1101_Settings
47056,656,4468,52180,cbd4,CC1101_Transmit_Address
47616,656,4484,52756,ce14,CC1101_Transmit_Blocking
47768,656,4484,52908,ceac,CC1101_Transmit_Interrupt
55536,704,4548,60788,ed74,FSK4_Transmit
55560,704,4564,60828,ed9c,FSK4_Transmit_AFSK
57864,656,4532,63052,f64c,Hellschreiber_Transmit
57952,656,4532,63140,f6a4,Hellschreiber_Transmit_AFSK
53144,656,4516,58316,e3cc,LR11x0_Channel_Activity_Detection_Blocking
53312,656,4516,58484,e474,LR11x0_Channel_Activity_Detection_Interrupt
54168,656,4516,59340,e7cc,LR11x0_GFSK_Modem
55136,656,4596,60388,ebe4,LR11x0_GNSS_Almanac_Update
55288,656,4532,60476,ec3c,LR11x0_GNSS_Autonomous_Position
54608,656,4516,59780,e984,LR11x0_GNSS_Satellites
52848,656,4516,58020,e2a4,LR11x0_LR_FHSS_Modem
54640,656,4532,59828,e9b4,LR11x0_PingPong
54392,656,4516,59564,e8ac,LR11x0_Receive_Blocking
54464,656,4516,59636,e8f4,LR11x0_Receive_Interrupt
54504,656,4516,59676,e91c,LR11x0_Transmit_Blocking
54016,656,4532,59204,e744,LR11x0_Transmit_Interrupt
55520,656,4516,60692,ed14,LR11x0_WiFi_Scan_Blocking
55576,656,4516,60748,ed4c,LR11x0_WiFi_Scan_Interrupt
73504,656,6004,80164,13924,LoRaWAN_ABP
76728,656,6100,83484,1461c,LoRaWAN_Class_C
76832,656,6100,83588,14684,LoRaWAN_Multicast
75520,656,6020,82196,14114,LoRaWAN_Reference
73424,656,6020,80100,138e4,LoRaWAN_Starter
75640,656,6532,82828,1438c,LoRaWAN_TS_Packages
56104,656,4564,61324,ef8c,Morse_Receive_AM
57776,656,4564,62996,f614,Morse_Transmit_AM
57680,656,4564,62900,f5b4,Morse_Transmit_FM
57656,656,4548,62860,f58c,Morse_Transmit_SSB
57552,656,4548,62756,f524,Pager_Receive
57424,656,4548,62628,f4a4,Pager_Transmit
56376,656,4484,61516,f04c,PhysicalLayer_Interface
46888,656,4484,52028,cb3c,RF69_Receive_AES
47104,656,4484,52244,cc14,RF69_Receive_Address
47432,656,4484,52572,cd5c,RF69_Receive_Blocking
47520,656,4484,52660,cdb4,RF69_Receive_Interrupt
47248,656,4836,52740,ce04,RF69_Settings
46304,656,4484,51444,c8f4,RF69_Transmit_AES
46528,656,4484,51668,c9d4,RF69_Transmit_Address
46928,656,4484,52068,cb64,RF69_Transmit_Blocking
47072,656,4484,52212,cbf4,RF69_Transmit_Interrupt
57752,656,4532,62940,f5dc,RTTY_Transmit
57776,656,4548,62980,f604,RTTY_Transmit_AFSK
56432,1936,4628,62996,f614,SSTV_Transmit
56472,1936,4628,63036,f63c,SSTV_Transmit_AFSK
46976,656,4484,52116,cb94,SX123x_Receive_Blocking
47096,656,4484,52236,cc0c,SX123x_Transmit_Blocking
56584,656,4564,61804,f16c,SX126x_Channel_Activity_Detection_Blocking
56752,656,4564,61972,f214,SX126x_Channel_Activity_Detection_Interrupt
58664,656,4564,63884,f98c,SX126x_Channel_Activity_Detection_Receive
57728,656,4564,62948,f5e4,SX126x_FSK_Modem
57984,656,4564,63204,f6e4,SX126x_LR_FHSS_Transmit_Blocking
57464,656,4580,62700,f4ec,SX126x_LR_FHSS_Transmit_Interrupt
58144,656,4580,63380,f794,SX126x_PingPong
58312,656,4564,63532,f82c,SX126x_Receive_Blocking
58392,656,4564,63612,f87c,SX126x_Receive_Interrupt
58472,656,5012,64140,fa8c,SX126x_Settings
58752,656,4564,63972,f9e4,SX126x_Spectrum_Scan
59440,656,4564,64660,fc94,SX126x_Spectrum_Scan_Frequency
58000,656,4564,63220,f6f4,SX126x_Transmit_Blocking
57464,656,4580,62700,f4ec,SX126x_Transmit_Interrupt
54752,656,4484,59892,e9f4,SX127x_Channel_Activity_Detection_Blocking
54928,656,4500,60084,eab4,SX127x_Channel_Activity_Detection_Interrupt
56672,656,4500,61828,f184,SX127x_Channel_Activity_Detection_Receive
56472,656,4484,61612,f0ac,SX127x_FSK_Modem
56136,656,4500,61292,ef6c,SX127x_PingPong
56272,656,4484,61412,efe4,SX127x_Receive_Blocking
54960,656,4484,60100,eac4,SX127x_Receive_Direct
55896,688,4500,61084,ee9c,SX127x_Receive_FHSS
56376,656,4500,61532,f05c,SX127x_Receive_Interrupt
58648,656,4868,64172,faac,SX127x_Settings
56000,656,4500,61156,eee4,SX127x_Transmit_Blocking
56384,688,4516,61588,f094,SX127x_Transmit_FHSS
55664,656,4500,60820,ed94,SX127x_Transmit_Interrupt
49832,656,4500,54988,d6cc,SX128x_BLE_Modem
48536,656,4500,53692,d1bc,SX128x_Channel_Activity_Detection_Blocking
48712,656,4500,53868,d26c,SX128x_Channel_Activity_Detection_Interrupt
49848,656,4500,55004,d6dc,SX128x_FLRC_Modem
49560,656,4500,54716,d5bc,SX128x_GFSK_Modem
50344,656,4500,55500,d8cc,SX128x_Ranging
50416,656,4500,55572,d914,SX128x_Receive_Blocking
50504,656,4500,55660,d96c,SX128x_Receive_Interrupt
49472,656,4868,54996,d6d4,SX128x_Settings
49264,656,4500,54420,d494,SX128x_Transmit_Blocking
49416,656,4500,54572,d52c,SX128x_Transmit_Interrupt
47976,656,4468,53100,cf6c,Si443x_Receive_Blocking
48064,656,4468,53188,cfc4,Si443x_Receive_Interrupt
48120,656,4820,53596,d15c,Si443x_Settings
48144,656,4468,53268,d014,Si443x_Transmit_Blocking
48272,656,4484,53412,d0a4,Si443x_Transmit_Interrupt
55048,656,5012,60716,ed2c,Stream_Receive
55920,656,4516,61092,eea4,Stream_Transmit
42368,656,4452,47476,b974,nRF24_Receive_Blocking
42464,656,4468,47588,b9e4,nRF24_Receive_Interrupt
42536,656,4468,47660,ba2c,nRF24_Transmit_Blocking
42632,656,4468,47756,ba8c,nRF24_Transmit_Interrupt
