text,data,bss,dec,hex,filename
41980,852,3388,46220,b48c,AFSK_Imperial_March
41756,164,3388,45308,b0fc,AFSK_Tone
41844,164,3388,45396,b154,AFSK_Tone_AM
47360,164,3444,50968,c718,APRS_MicE
47148,164,3444,50756,c644,APRS_Position
46976,164,3412,50552,c578,APRS_Position_LoRa
43528,164,3404,47096,b7f8,AX25_Frames
43152,164,3404,46720,b680,AX25_Transmit
43716,164,3412,47292,b8bc,AX25_Transmit_AFSK
44436,164,3420,48020,bb94,BellModem_Transmit
34136,164,3364,37664,9320,CC1101_Receive_Address
34004,164,3364,37532,929c,CC1101_Receive_Blocking
34080,164,3372,37616,92f0,CC1101_Receive_Interrupt
33656,164,3724,37544,92a8,CC1101_Settings
33144,164,3364,36672,8f40,CC1101_Transmit_Address
33688,164,3372,37224,9168,CC1101_Transmit_Blocking
33824,164,3380,37368,91f8,CC1101_Transmit_Interrupt
42400,216,3440,46056,b3e8,FSK4_Transmit
42424,216,3448,46088,b408,FSK4_Transmit_AFSK
44752,164,3412,48328,bcc8,Hellschreiber_Transmit
44808,164,3420,48392,bd08,Hellschreiber_Transmit_AFSK
40052,164,3404,43620,aa64,LR11x0_Channel_Activity_Detection_Blocking
40236,164,3412,43812,ab24,LR11x0_Channel_Activity_Detection_Interrupt
41064,164,3404,44632,ae58,LR11x0_GFSK_Modem
41956,164,3484,45604,b224,LR11x0_GNSS_Almanac_Update
41892,164,3420,45476,b1a4,LR11x0_GNSS_Autonomous_Position
41516,164,3412,45092,b024,LR11x0_GNSS_Satellites
39776,164,3404,43344,a950,LR11x0_LR_FHSS_Modem
41268,164,3412,44844,af2c,LR11x0_PingPong
41040,164,3404,44608,ae40,LR11x0_Receive_Blocking
41104,164,3412,44680,ae88,LR11x0_Receive_Interrupt
41128,164,3412,44704,aea0,LR11x0_Transmit_Blocking
40900,164,3420,44484,adc4,LR11x0_Transmit_Interrupt
42128,164,3404,45696,b280,LR11x0_WiFi_Scan_Blocking
42192,164,3412,45768,b2c8,LR11x0_WiFi_Scan_Interrupt
58280,164,4752,63196,f6dc,LoRaWAN_ABP
60088,164,4768,65020,fdfc,LoRaWAN_Reference
58212,164,4768,63144,f6a8,LoRaWAN_Starter
43172,164,3452,46788,b6c4,Morse_Receive_AM
44888,164,3452,48504,bd78,Morse_Transmit_AM
44800,164,3452,48416,bd20,Morse_Transmit_FM
44776,164,3444,48384,bd00,Morse_Transmit_SSB
44316,168,3432,47916,bb2c,Pager_Receive
44140,164,3428,47732,ba74,Pager_Transmit
43060,168,3376,46604,b60c,PhysicalLayer_Interface
33288,164,3372,36824,8fd8,RF69_Receive_AES
33504,164,3372,37040,90b0,RF69_Receive_Address
33520,164,3372,37056,90c0,RF69_Receive_Blocking
33584,164,3380,37128,9108,RF69_Receive_Interrupt
33656,164,3740,37560,92b8,RF69_Settings
32724,164,3372,36260,8da4,RF69_Transmit_AES
32932,164,3372,36468,8e74,RF69_Transmit_Address
33304,164,3380,36848,8ff0,RF69_Transmit_Blocking
33448,164,3388,37000,9088,RF69_Transmit_Interrupt
44648,164,3420,48232,bc68,RTTY_Transmit
44680,164,3428,48272,bc90,RTTY_Transmit_AFSK
43356,1444,3516,48316,bcbc,SSTV_Transmit
43404,1444,3524,48372,bcf4,SSTV_Transmit_AFSK
33356,164,3372,36892,901c,SX123x_Receive_Blocking
33456,164,3380,37000,9088,SX123x_Transmit_Blocking
43200,164,3444,46808,b6d8,SX126x_Channel_Activity_Detection_Blocking
43384,164,3452,47000,b798,SX126x_Channel_Activity_Detection_Interrupt
44888,164,3452,48504,bd78,SX126x_Channel_Activity_Detection_Receive
44360,164,3444,47968,bb60,SX126x_FSK_Modem
43496,164,3444,47104,b800,SX126x_LR_FHSS_Modem
44416,164,3452,48032,bba0,SX126x_PingPong
44528,164,3444,48136,bc08,SX126x_Receive_Blocking
44596,164,3452,48212,bc54,SX126x_Receive_Interrupt
45068,164,3884,49116,bfdc,SX126x_Settings
45308,164,3444,48916,bf14,SX126x_Spectrum_Scan
45728,164,3444,49336,c0b8,SX126x_Spectrum_Scan_Frequency
44280,164,3452,47896,bb18,SX126x_Transmit_Blocking
44052,164,3460,47676,ba3c,SX126x_Transmit_Interrupt
41540,164,3380,45084,b01c,SX127x_Channel_Activity_Detection_Blocking
41712,164,3380,45256,b0c8,SX127x_Channel_Activity_Detection_Interrupt
43456,164,3380,47000,b798,SX127x_Channel_Activity_Detection_Receive
43264,164,3380,46808,b6d8,SX127x_FSK_Modem
42792,164,3388,46344,b508,SX127x_PingPong
43084,164,3380,46628,b624,SX127x_Receive_Blocking
41704,164,3380,45248,b0c0,SX127x_Receive_Direct
42680,192,3384,46256,b4b0,SX127x_Receive_FHSS
43180,164,3380,46724,b684,SX127x_Receive_Interrupt
45472,164,3748,49384,c0e8,SX127x_Settings
42656,164,3380,46200,b478,SX127x_Transmit_Blocking
43152,192,3408,46752,b6a0,SX127x_Transmit_FHSS
42416,164,3388,45968,b390,SX127x_Transmit_Interrupt
35660,164,3380,39204,9924,SX128x_BLE_Modem
34348,164,3380,37892,9404,SX128x_Channel_Activity_Detection_Blocking
34524,164,3380,38068,94b4,SX128x_Channel_Activity_Detection_Interrupt
35660,164,3380,39204,9924,SX128x_FLRC_Modem
35384,164,3380,38928,9810,SX128x_GFSK_Modem
35916,164,3380,39460,9a24,SX128x_Ranging
35940,164,3380,39484,9a3c,SX128x_Receive_Blocking
36016,164,3380,39560,9a88,SX128x_Receive_Interrupt
35212,164,3748,39124,98d4,SX128x_Settings
35048,164,3380,38592,96c0,SX128x_Transmit_Blocking
35192,164,3388,38744,9758,SX128x_Transmit_Interrupt
34616,164,3364,38144,9500,Si443x_Receive_Blocking
34684,164,3364,38212,9544,Si443x_Receive_Interrupt
34768,164,3716,38648,96f8,Si443x_Settings
34760,164,3364,38288,9590,Si443x_Transmit_Blocking
34876,164,3372,38412,960c,Si443x_Transmit_Interrupt
41820,164,3900,45884,b33c,Stream_Receive
42684,164,3404,46252,b4ac,Stream_Transmit
28436,164,3348,31948,7ccc,nRF24_Receive_Blocking
28524,164,3356,32044,7d2c,nRF24_Receive_Interrupt
28588,164,3356,32108,7d6c,nRF24_Transmit_Blocking
28676,164,3364,32204,7dcc,nRF24_Transmit_Interrupt
