text,data,bss,dec,hex,filename
33342,740,775,34857,8829,AFSK_Imperial_March
33082,396,775,34253,85cd,AFSK_Tone
33214,396,775,34385,8651,AFSK_Tone_AM
38102,446,810,39358,99be,APRS_MicE
38928,544,810,40282,9d5a,APRS_Position
37614,482,788,38884,97e4,APRS_Position_LoRa
35256,458,785,36499,8e93,AX25_Frames
34844,420,785,36049,8cd1,AX25_Transmit
35698,438,791,36927,903f,AX25_Transmit_AFSK
35872,466,798,37136,9110,BellModem_Transmit
22690,434,759,23883,5d4b,CC1101_Receive_Address
22570,434,759,23763,5cd3,CC1101_Receive_Blocking
22666,434,760,23860,5d34,CC1101_Receive_Interrupt
22812,534,1103,24449,5f81,CC1101_Settings
21428,434,759,22621,585d,CC1101_Transmit_Address
22324,436,761,23521,5be1,CC1101_Transmit_Blocking
22428,450,764,23642,5c5a,CC1101_Transmit_Interrupt
34032,442,825,35299,89e3,FSK4_Transmit
34068,442,831,35341,8a0d,FSK4_Transmit_AFSK
36230,442,791,37463,9257,Hellschreiber_Transmit
36342,458,797,37597,92dd,Hellschreiber_Transmit_AFSK
26942,614,797,28353,6ec1,LR11x0_Channel_Activity_Detection_Blocking
27182,614,798,28594,6fb2,LR11x0_Channel_Activity_Detection_Interrupt
28490,446,797,29733,7425,LR11x0_GFSK_Modem
27816,614,862,29292,726c,LR11x0_GNSS_Almanac_Update
28842,630,812,30284,764c,LR11x0_GNSS_Autonomous_Position
28706,622,801,30129,75b1,LR11x0_GNSS_Satellites
26878,442,797,28117,6dd5,LR11x0_LR_FHSS_Modem
28596,638,801,30035,7553,LR11x0_PingPong
28436,626,797,29859,74a3,LR11x0_Receive_Blocking
28522,626,798,29946,74fa,LR11x0_Receive_Interrupt
28354,640,799,29793,7461,LR11x0_Transmit_Blocking
28060,642,802,29504,7340,LR11x0_Transmit_Interrupt
30290,648,797,31735,7bf7,LR11x0_WiFi_Scan_Blocking
30408,648,798,31854,7c6e,LR11x0_WiFi_Scan_Interrupt
60608,1700,2047,64355,fb63,LoRaWAN_ABP
66310,1960,2105,70375,112e7,LoRaWAN_Class_C
66400,1958,2107,70465,11341,LoRaWAN_Multicast
62952,1732,2045,66729,104a9,LoRaWAN_Reference
60642,1700,2045,64387,fb83,LoRaWAN_Starter
64338,1028,2560,67926,10956,LoRaWAN_TS_Packages
35354,406,828,36588,8eec,Morse_Receive_AM
36422,434,826,37682,9332,Morse_Transmit_AM
36284,434,826,37544,92a8,Morse_Transmit_FM
36248,434,820,37502,927e,Morse_Transmit_SSB
38980,408,808,40196,9d04,Pager_Receive
39008,426,806,40240,9d30,Pager_Transmit
34724,422,769,35915,8c4b,PhysicalLayer_Interface
21734,398,762,22894,596e,RF69_Receive_AES
22000,382,762,23144,5a68,RF69_Receive_Address
22042,394,762,23198,5a9e,RF69_Receive_Blocking
22120,394,763,23277,5aed,RF69_Receive_Interrupt
22708,502,1109,24319,5eff,RF69_Settings
20874,410,762,22046,561e,RF69_Transmit_AES
21138,394,762,22294,5716,RF69_Transmit_Address
21842,396,764,23002,59da,RF69_Transmit_Blocking
21948,410,767,23125,5a55,RF69_Transmit_Interrupt
36358,432,799,37589,92d5,RTTY_Transmit
36394,432,805,37631,92ff,RTTY_Transmit_AFSK
35144,1756,861,37761,9381,SSTV_Transmit
35200,1756,867,37823,93bf,SSTV_Transmit_AFSK
21814,384,763,22961,59b1,SX123x_Receive_Blocking
21876,398,765,23039,59ff,SX123x_Transmit_Blocking
37184,632,825,38641,96f1,SX126x_Channel_Activity_Detection_Blocking
37408,632,826,38866,97d2,SX126x_Channel_Activity_Detection_Interrupt
39328,644,827,40799,9f5f,SX126x_Channel_Activity_Detection_Receive
38640,654,825,40119,9cb7,SX126x_FSK_Modem
38572,660,827,40059,9c7b,SX126x_LR_FHSS_Transmit_Blocking
38226,660,830,39716,9b24,SX126x_LR_FHSS_Transmit_Interrupt
38772,658,829,40259,9d43,SX126x_PingPong
38880,644,825,40349,9d9d,SX126x_Receive_Blocking
38964,644,826,40434,9df2,SX126x_Receive_Interrupt
40566,874,1233,42673,a6b1,SX126x_Settings
39546,644,825,41015,a037,SX126x_Spectrum_Scan
39986,662,825,41473,a201,SX126x_Spectrum_Scan_Frequency
38598,660,827,40085,9c95,SX126x_Transmit_Blocking
38308,660,830,39798,9b76,SX126x_Transmit_Interrupt
32682,396,769,33847,8437,SX127x_Channel_Activity_Detection_Blocking
33038,396,771,34205,859d,SX127x_Channel_Activity_Detection_Interrupt
35064,408,772,36244,8d94,SX127x_Channel_Activity_Detection_Receive
34902,418,769,36089,8cf9,SX127x_FSK_Modem
34370,422,773,35565,8aed,SX127x_PingPong
34592,408,769,35769,8bb9,SX127x_Receive_Blocking
32756,438,769,33963,84ab,SX127x_Receive_Direct
34276,420,773,35469,8a8d,SX127x_Receive_FHSS
34690,408,770,35868,8c1c,SX127x_Receive_Interrupt
37980,630,1123,39733,9b35,SX127x_Settings
34188,424,771,35383,8a37,SX127x_Transmit_Blocking
34780,642,783,36205,8d6d,SX127x_Transmit_FHSS
33896,424,774,35094,8916,SX127x_Transmit_Interrupt
25954,410,776,27140,6a04,SX128x_BLE_Modem
24356,398,776,25530,63ba,SX128x_Channel_Activity_Detection_Blocking
24586,398,777,25761,64a1,SX128x_Channel_Activity_Detection_Interrupt
26018,418,776,27212,6a4c,SX128x_FLRC_Modem
25636,416,776,26828,68cc,SX128x_GFSK_Modem
25844,446,776,27066,69ba,SX128x_Ranging
26096,410,776,27282,6a92,SX128x_Receive_Blocking
26192,410,777,27379,6af3,SX128x_Receive_Interrupt
25764,622,1137,27523,6b83,SX128x_Settings
25384,412,778,26574,67ce,SX128x_Transmit_Blocking
25492,426,781,26699,684b,SX128x_Transmit_Interrupt
23896,384,757,25037,61cd,Si443x_Receive_Blocking
23986,384,758,25128,6228,Si443x_Receive_Interrupt
24198,500,1099,25797,64c5,Si443x_Settings
24080,398,759,25237,6295,Si443x_Transmit_Blocking
24164,412,762,25338,62fa,Si443x_Transmit_Interrupt
33352,396,1285,35033,88d9,Stream_Receive
33754,910,783,35447,8a77,Stream_Transmit
17360,386,746,18492,483c,nRF24_Receive_Blocking
17462,386,747,18595,48a3,nRF24_Receive_Interrupt
17696,402,748,18846,499e,nRF24_Transmit_Blocking
17772,414,751,18937,49f9,nRF24_Transmit_Interrupt
