text,data,bss,dec,hex,filename
288455,2240,26648,317343,4d79f,AFSK_Imperial_March
288287,1552,26648,316487,4d447,AFSK_Tone
288383,1552,26648,316583,4d4a7,AFSK_Tone_AM
293447,1552,26696,321695,4e89f,APRS_MicE
293035,1552,26704,321291,4e70b,APRS_Position
292939,1552,26664,321155,4e683,APRS_Position_LoRa
290395,1552,26656,318603,4dc8b,AX25_Frames
289975,1552,26656,318183,4dae7,AX25_Transmit
290651,1552,26664,318867,4dd93,AX25_Transmit_AFSK
291943,1552,26672,320167,4e2a7,BellModem_Transmit
281919,1552,26616,310087,4bb47,CC1101_Receive_Address
281735,1552,26616,309903,4ba8f,CC1101_Receive_Blocking
281855,1552,26616,310023,4bb07,CC1101_Receive_Interrupt
280531,1552,26976,309059,4b743,CC1101_Settings
280079,1552,26616,308247,4b417,CC1101_Transmit_Address
280699,1552,26616,308867,4b683,CC1101_Transmit_Blocking
280867,1552,26624,309043,4b733,CC1101_Transmit_Interrupt
289103,1604,26696,317403,4d7db,FSK4_Transmit
289119,1604,26704,317427,4d7f3,FSK4_Transmit_AFSK
292155,1552,26664,320371,4e373,Hellschreiber_Transmit
292235,1552,26672,320459,4e3cb,Hellschreiber_Transmit_AFSK
286455,1552,26656,314663,4cd27,LR11x0_Channel_Activity_Detection_Blocking
286707,1552,26664,314923,4ce2b,LR11x0_Channel_Activity_Detection_Interrupt
287543,1552,26656,315751,4d167,LR11x0_GFSK_Modem
288727,1552,26736,317015,4d657,LR11x0_GNSS_Almanac_Update
289439,1552,26680,317671,4d8e7,LR11x0_GNSS_Autonomous_Position
288175,1552,26672,316399,4d3ef,LR11x0_GNSS_Satellites
286215,1552,26664,314431,4cc3f,LR11x0_LR_FHSS_Modem
288599,1552,26664,316815,4d58f,LR11x0_PingPong
288299,1552,26656,316507,4d45b,LR11x0_Receive_Blocking
288403,1552,26664,316619,4d4cb,LR11x0_Receive_Interrupt
288519,1552,26664,316735,4d53f,LR11x0_Transmit_Blocking
287459,1552,26680,315691,4d12b,LR11x0_Transmit_Interrupt
289515,1552,26656,317723,4d91b,LR11x0_WiFi_Scan_Blocking
289603,1552,26664,317819,4d97b,LR11x0_WiFi_Scan_Interrupt
308947,1552,28144,338643,52ad3,LoRaWAN_ABP
313743,1552,28240,343535,53def,LoRaWAN_Class_C
313859,1552,28248,343659,53e6b,LoRaWAN_Multicast
311839,1552,28160,341551,5362f,LoRaWAN_Reference
308831,1552,28160,338543,52a6f,LoRaWAN_Starter
311235,1560,28672,341467,535db,LoRaWAN_TS_Packages
289807,1552,26712,318071,4da77,Morse_Receive_AM
292131,1552,26704,320387,4e383,Morse_Transmit_AM
292019,1552,26704,320275,4e313,Morse_Transmit_FM
291987,1552,26696,320235,4e2eb,Morse_Transmit_SSB
291239,1556,26680,319475,4dff3,Pager_Receive
291279,1552,26680,319511,4e017,Pager_Transmit
290335,1556,26632,318523,4dc3b,PhysicalLayer_Interface
279399,1552,26616,307567,4b16f,RF69_Receive_AES
279683,1552,26616,307851,4b28b,RF69_Receive_Address
280447,1552,26616,308615,4b587,RF69_Receive_Blocking
280559,1552,26624,308735,4b5ff,RF69_Receive_Interrupt
279855,1552,26992,308399,4b4af,RF69_Settings
278823,1552,26616,306991,4af2f,RF69_Transmit_AES
279091,1552,26616,307259,4b03b,RF69_Transmit_Address
279527,1552,26624,307703,4b1f7,RF69_Transmit_Blocking
279695,1552,26632,307879,4b2a7,RF69_Transmit_Interrupt
292259,1552,26672,320483,4e3e3,RTTY_Transmit
292291,1552,26680,320523,4e40b,RTTY_Transmit_AFSK
290115,2832,26768,319715,4e0e3,SSTV_Transmit
290147,2832,26776,319755,4e10b,SSTV_Transmit_AFSK
279435,1552,26624,307611,4b19b,SX123x_Receive_Blocking
279659,1552,26624,307835,4b27b,SX123x_Transmit_Blocking
290687,1552,26712,318951,4dde7,SX126x_Channel_Activity_Detection_Blocking
290955,1552,26712,319219,4def3,SX126x_Channel_Activity_Detection_Interrupt
293331,1552,26712,321595,4e83b,SX126x_Channel_Activity_Detection_Receive
291923,1552,26704,320179,4e2b3,SX126x_FSK_Modem
292735,1552,26712,320999,4e5e7,SX126x_LR_FHSS_Transmit_Blocking
291739,1552,26720,320011,4e20b,SX126x_LR_FHSS_Transmit_Interrupt
292843,1552,26720,321115,4e65b,SX126x_PingPong
292867,1552,26712,321131,4e66b,SX126x_Receive_Blocking
292971,1552,26712,321235,4e6d3,SX126x_Receive_Interrupt
292731,1552,27152,321435,4e79b,SX126x_Settings
293043,1552,26712,321307,4e71b,SX126x_Spectrum_Scan
294295,1552,26712,322559,4ebff,SX126x_Spectrum_Scan_Frequency
292751,1552,26712,321015,4e5f7,SX126x_Transmit_Blocking
291707,1552,26720,319979,4e1eb,SX126x_Transmit_Interrupt
287999,1552,26640,316191,4d31f,SX127x_Channel_Activity_Detection_Blocking
288239,1552,26640,316431,4d40f,SX127x_Channel_Activity_Detection_Interrupt
290823,1552,26640,319015,4de27,SX127x_Channel_Activity_Detection_Receive
289779,1552,26640,317971,4da13,SX127x_FSK_Modem
290151,1552,26640,318343,4db87,SX127x_PingPong
290307,1552,26640,318499,4dc23,SX127x_Receive_Blocking
288235,1552,26632,316419,4d403,SX127x_Receive_Direct
289275,1580,26648,317503,4d83f,SX127x_Receive_FHSS
290455,1552,26640,318647,4dcb7,SX127x_Receive_Interrupt
292359,1552,27016,320927,4e59f,SX127x_Settings
290083,1552,26632,318267,4db3b,SX127x_Transmit_Blocking
289979,1580,26656,318215,4db07,SX127x_Transmit_FHSS
289031,1552,26640,317223,4d727,SX127x_Transmit_Interrupt
282787,1552,26632,310971,4bebb,SX128x_BLE_Modem
281367,1552,26632,309551,4b92f,SX128x_Channel_Activity_Detection_Blocking
281635,1552,26640,309827,4ba43,SX128x_Channel_Activity_Detection_Interrupt
282755,1552,26632,310939,4be9b,SX128x_FLRC_Modem
282439,1552,26632,310623,4bd5f,SX128x_GFSK_Modem
283579,1552,26632,311763,4c1d3,SX128x_Ranging
283547,1552,26632,311731,4c1b3,SX128x_Receive_Blocking
283667,1552,26640,311859,4c233,SX128x_Receive_Interrupt
282355,1552,27016,310923,4be8b,SX128x_Settings
282219,1552,26640,310411,4bc8b,SX128x_Transmit_Blocking
282387,1552,26648,310587,4bd3b,SX128x_Transmit_Interrupt
280619,1552,26608,308779,4b62b,Si443x_Receive_Blocking
280755,1552,26616,308923,4b6bb,Si443x_Receive_Interrupt
280767,1552,26968,309287,4b827,Si443x_Settings
280899,1552,26616,309067,4b74b,Si443x_Transmit_Blocking
281027,1552,26624,309203,4b7d3,Si443x_Transmit_Interrupt
288419,1552,27160,317131,4d6cb,Stream_Receive
289091,1552,26656,317299,4d773,Stream_Transmit
276863,1552,26608,305023,4a77f,nRF24_Receive_Blocking
277003,1552,26608,305163,4a80b,nRF24_Receive_Interrupt
277143,1552,26608,305303,4a897,nRF24_Transmit_Blocking
277239,1552,26608,305399,4a8f7,nRF24_Transmit_Interrupt
