text,data,bss,dec,hex,filename
33720,744,779,35243,89ab,AFSK_Imperial_March
33460,400,779,34639,874f,AFSK_Tone
33592,400,779,34771,87d3,AFSK_Tone_AM
38480,450,814,39744,9b40,APRS_MicE
39306,548,814,40668,9edc,APRS_Position
37992,486,792,39270,9966,APRS_Position_LoRa
35634,462,789,36885,9015,AX25_Frames
35222,424,789,36435,8e53,AX25_Transmit
36076,442,795,37313,91c1,AX25_Transmit_AFSK
36250,470,802,37522,9292,BellModem_Transmit
22830,438,759,24027,5ddb,CC1101_Receive_Address
22710,438,759,23907,5d63,CC1101_Receive_Blocking
22800,438,760,23998,5dbe,CC1101_Receive_Interrupt
22950,542,1103,24595,6013,CC1101_Settings
21562,438,759,22759,58e7,CC1101_Transmit_Address
22458,440,761,23659,5c6b,CC1101_Transmit_Blocking
22562,454,764,23780,5ce4,CC1101_Transmit_Interrupt
34410,446,829,35685,8b65,FSK4_Transmit
34446,446,835,35727,8b8f,FSK4_Transmit_AFSK
36608,446,795,37849,93d9,Hellschreiber_Transmit
36720,462,801,37983,945f,Hellschreiber_Transmit_AFSK
27684,618,797,29099,71ab,LR11x0_Channel_Activity_Detection_Blocking
27924,618,798,29340,729c,LR11x0_Channel_Activity_Detection_Interrupt
29238,450,797,30485,7715,LR11x0_GFSK_Modem
28558,618,862,30038,7556,LR11x0_GNSS_Almanac_Update
29584,634,812,31030,7936,LR11x0_GNSS_Autonomous_Position
29448,626,801,30875,789b,LR11x0_GNSS_Satellites
27620,446,797,28863,70bf,LR11x0_LR_FHSS_Modem
29338,642,801,30781,783d,LR11x0_PingPong
29184,630,797,30611,7793,LR11x0_Receive_Blocking
29264,630,798,30692,77e4,LR11x0_Receive_Interrupt
29096,644,799,30539,774b,LR11x0_Transmit_Blocking
28802,646,802,30250,762a,LR11x0_Transmit_Interrupt
31032,652,797,32481,7ee1,LR11x0_WiFi_Scan_Blocking
31150,652,798,32600,7f58,LR11x0_WiFi_Scan_Interrupt
62170,1914,2261,66345,10329,LoRaWAN_ABP
68144,2174,2315,72633,11bb9,LoRaWAN_Class_C
68244,2172,2317,72733,11c1d,LoRaWAN_Multicast
64760,1946,2259,68965,10d65,LoRaWAN_Reference
62204,1914,2259,66377,10349,LoRaWAN_Starter
66106,1242,2774,70122,111ea,LoRaWAN_TS_Packages
35732,410,832,36974,906e,Morse_Receive_AM
36800,438,830,38068,94b4,Morse_Transmit_AM
36662,438,830,37930,942a,Morse_Transmit_FM
36626,438,824,37888,9400,Morse_Transmit_SSB
39358,412,812,40582,9e86,Pager_Receive
39386,430,810,40626,9eb2,Pager_Transmit
35108,426,773,36307,8dd3,PhysicalLayer_Interface
21828,402,762,22992,59d0,RF69_Receive_AES
22094,386,762,23242,5aca,RF69_Receive_Address
22136,398,762,23296,5b00,RF69_Receive_Blocking
22208,398,763,23369,5b49,RF69_Receive_Interrupt
22800,510,1109,24419,5f63,RF69_Settings
20962,414,762,22138,567a,RF69_Transmit_AES
21226,398,762,22386,5772,RF69_Transmit_Address
21930,400,764,23094,5a36,RF69_Transmit_Blocking
22036,414,767,23217,5ab1,RF69_Transmit_Interrupt
36736,436,803,37975,9457,RTTY_Transmit
36772,436,809,38017,9481,RTTY_Transmit_AFSK
35522,1760,865,38147,9503,SSTV_Transmit
35572,1760,871,38203,953b,SSTV_Transmit_AFSK
21908,388,763,23059,5a13,SX123x_Receive_Blocking
21964,402,765,23131,5a5b,SX123x_Transmit_Blocking
37844,636,825,39305,9989,SX126x_Channel_Activity_Detection_Blocking
38068,636,826,39530,9a6a,SX126x_Channel_Activity_Detection_Interrupt
39988,648,827,41463,a1f7,SX126x_Channel_Activity_Detection_Receive
39306,658,825,40789,9f55,SX126x_FSK_Modem
39232,664,827,40723,9f13,SX126x_LR_FHSS_Transmit_Blocking
38878,664,830,40372,9db4,SX126x_LR_FHSS_Transmit_Interrupt
39432,662,829,40923,9fdb,SX126x_PingPong
39546,648,825,41019,a03b,SX126x_Receive_Blocking
39624,648,826,41098,a08a,SX126x_Receive_Interrupt
41234,886,1233,43353,a959,SX126x_Settings
40206,648,825,41679,a2cf,SX126x_Spectrum_Scan
40646,666,825,42137,a499,SX126x_Spectrum_Scan_Frequency
39258,664,827,40749,9f2d,SX126x_Transmit_Blocking
38968,664,830,40462,9e0e,SX126x_Transmit_Interrupt
33060,400,773,34233,85b9,SX127x_Channel_Activity_Detection_Blocking
33416,400,775,34591,871f,SX127x_Channel_Activity_Detection_Interrupt
35442,412,776,36630,8f16,SX127x_Channel_Activity_Detection_Receive
35286,422,773,36481,8e81,SX127x_FSK_Modem
34748,426,777,35951,8c6f,SX127x_PingPong
34976,412,773,36161,8d41,SX127x_Receive_Blocking
33134,442,773,34349,862d,SX127x_Receive_Direct
34654,424,777,35855,8c0f,SX127x_Receive_FHSS
35068,412,774,36254,8d9e,SX127x_Receive_Interrupt
38526,642,1131,40299,9d6b,SX127x_Settings
34566,428,775,35769,8bb9,SX127x_Transmit_Blocking
35158,646,787,36591,8eef,SX127x_Transmit_FHSS
34274,428,778,35480,8a98,SX127x_Transmit_Interrupt
26850,414,780,28044,6d8c,SX128x_BLE_Modem
25246,402,780,26428,673c,SX128x_Channel_Activity_Detection_Blocking
25476,402,781,26659,6823,SX128x_Channel_Activity_Detection_Interrupt
26914,422,780,28116,6dd4,SX128x_FLRC_Modem
26532,420,780,27732,6c54,SX128x_GFSK_Modem
26734,450,780,27964,6d3c,SX128x_Ranging
26992,414,780,28186,6e1a,SX128x_Receive_Blocking
27082,414,781,28277,6e75,SX128x_Receive_Interrupt
26678,634,1145,28457,6f29,SX128x_Settings
26274,416,782,27472,6b50,SX128x_Transmit_Blocking
26382,430,785,27597,6bcd,SX128x_Transmit_Interrupt
23992,388,757,25137,6231,Si443x_Receive_Blocking
24076,388,758,25222,6286,Si443x_Receive_Interrupt
24292,508,1099,25899,652b,Si443x_Settings
24170,402,759,25331,62f3,Si443x_Transmit_Blocking
24254,416,762,25432,6358,Si443x_Transmit_Interrupt
33730,400,1289,35419,8a5b,Stream_Receive
34132,914,787,35833,8bf9,Stream_Transmit
17508,390,746,18644,48d4,nRF24_Receive_Blocking
17604,390,747,18741,4935,nRF24_Receive_Interrupt
17838,406,748,18992,4a30,nRF24_Transmit_Blocking
17914,418,751,19083,4a8b,nRF24_Transmit_Interrupt
