text,data,bss,dec,hex,filename
38628,0,3292,41920,a3c0,AFSK_Imperial_March
37732,0,3292,41024,a040,AFSK_Tone
37828,0,3292,41120,a0a0,AFSK_Tone_AM
56276,0,3348,59624,e8e8,APRS_MicE
55924,0,3348,59272,e788,APRS_Position
55900,0,3316,59216,e750,APRS_Position_LoRa
39492,0,3308,42800,a730,AX25_Frames
39124,0,3308,42432,a5c0,AX25_Transmit
39620,0,3316,42936,a7b8,AX25_Transmit_AFSK
41580,0,3324,44904,af68,BellModem_Transmit
32092,0,3264,35356,8a1c,CC1101_Receive_Address
31956,0,3264,35220,8994,CC1101_Receive_Blocking
32020,0,3268,35288,89d8,CC1101_Receive_Interrupt
27948,0,3624,31572,7b54,CC1101_Settings
27428,0,3264,30692,77e4,CC1101_Transmit_Address
29188,0,3268,32456,7ec8,CC1101_Transmit_Blocking
29324,0,3276,32600,7f58,CC1101_Transmit_Interrupt
38412,0,3344,41756,a31c,FSK4_Transmit
38436,0,3352,41788,a33c,FSK4_Transmit_AFSK
41860,0,3320,45180,b07c,Hellschreiber_Transmit
41940,0,3328,45268,b0d4,Hellschreiber_Transmit_AFSK
36644,0,3308,39952,9c10,LR11x0_Channel_Activity_Detection_Blocking
36820,0,3312,40132,9cc4,LR11x0_Channel_Activity_Detection_Interrupt
282364,0,3308,285672,45be8,LR11x0_Firmware_Update
38764,0,3308,42072,a458,LR11x0_GFSK_Modem
38756,0,3388,42144,a4a0,LR11x0_GNSS_Almanac_Update
38668,0,3324,41992,a408,LR11x0_GNSS_Autonomous_Position
38132,0,3312,41444,a1e4,LR11x0_GNSS_Satellites
36348,0,3308,39656,9ae8,LR11x0_LR_FHSS_Modem
39244,0,3316,42560,a640,LR11x0_PingPong
39028,0,3308,42336,a560,LR11x0_Receive_Blocking
39092,0,3312,42404,a5a4,LR11x0_Receive_Interrupt
39084,0,3312,42396,a59c,LR11x0_Transmit_Blocking
38700,0,3320,42020,a424,LR11x0_Transmit_Interrupt
40260,0,3308,43568,aa30,LR11x0_WiFi_Scan_Blocking
40324,0,3312,43636,aa74,LR11x0_WiFi_Scan_Interrupt
57396,0,5184,62580,f474,LoRaWAN_ABP
61700,0,5260,66960,10590,LoRaWAN_Class_C
61796,0,5276,67072,10600,LoRaWAN_Multicast
59484,0,5188,64672,fca0,LoRaWAN_Reference
57332,0,5188,62520,f438,LoRaWAN_Starter
72220,0,5716,77936,13070,LoRaWAN_TS_Packages
39156,0,3364,42520,a618,Morse_Receive_AM
42028,0,3356,45384,b148,Morse_Transmit_AM
41940,0,3356,45296,b0f0,Morse_Transmit_FM
41908,0,3348,45256,b0c8,Morse_Transmit_SSB
41588,0,3336,44924,af7c,Pager_Receive
40212,0,3336,43548,aa1c,Pager_Transmit
40460,0,3284,43744,aae0,PhysicalLayer_Interface
30604,0,3268,33872,8450,RF69_Receive_AES
30812,0,3268,34080,8520,RF69_Receive_Address
31316,0,3268,34584,8718,RF69_Receive_Blocking
31380,0,3272,34652,875c,RF69_Receive_Interrupt
29732,0,3632,33364,8254,RF69_Settings
28780,0,3268,32048,7d30,RF69_Transmit_AES
28988,0,3268,32256,7e00,RF69_Transmit_Address
30588,0,3272,33860,8444,RF69_Transmit_Blocking
30724,0,3280,34004,84d4,RF69_Transmit_Interrupt
41820,0,3328,45148,b05c,RTTY_Transmit
41844,0,3336,45180,b07c,RTTY_Transmit_AFSK
40492,0,3420,43912,ab88,SSTV_Transmit
40540,0,3428,43968,abc0,SSTV_Transmit_AFSK
30716,0,3272,33988,84c4,SX123x_Receive_Blocking
30796,0,3276,34072,8518,SX123x_Transmit_Blocking
40644,0,3352,43996,abdc,SX126x_Channel_Activity_Detection_Blocking
40820,0,3356,44176,ac90,SX126x_Channel_Activity_Detection_Interrupt
43652,0,3356,47008,b7a0,SX126x_Channel_Activity_Detection_Receive
42964,0,3352,46316,b4ec,SX126x_FSK_Modem
43076,0,3356,46432,b560,SX126x_LR_FHSS_Transmit_Blocking
42716,0,3364,46080,b400,SX126x_LR_FHSS_Transmit_Interrupt
43260,0,3360,46620,b61c,SX126x_PingPong
43316,0,3352,46668,b64c,SX126x_Receive_Blocking
43372,0,3356,46728,b688,SX126x_Receive_Interrupt
42628,0,3800,46428,b55c,SX126x_Settings
42788,0,3352,46140,b43c,SX126x_Spectrum_Scan
43324,0,3352,46676,b654,SX126x_Spectrum_Scan_Frequency
43092,0,3356,46448,b570,SX126x_Transmit_Blocking
42708,0,3364,46072,b3f8,SX126x_Transmit_Interrupt
37516,0,3284,40800,9f60,SX127x_Channel_Activity_Detection_Blocking
37684,0,3288,40972,a00c,SX127x_Channel_Activity_Detection_Interrupt
40684,0,3292,43976,abc8,SX127x_Channel_Activity_Detection_Receive
40412,0,3284,43696,aab0,SX127x_FSK_Modem
40148,0,3292,43440,a9b0,SX127x_PingPong
40316,0,3284,43600,aa50,SX127x_Receive_Blocking
37692,0,3284,40976,a010,SX127x_Receive_Direct
39916,0,3292,43208,a8c8,SX127x_Receive_FHSS
40412,0,3288,43700,aab4,SX127x_Receive_Interrupt
41556,0,3664,45220,b0a4,SX127x_Settings
39988,0,3288,43276,a90c,SX127x_Transmit_Blocking
40356,0,3316,43672,aa98,SX127x_Transmit_FHSS
39604,0,3296,42900,a794,SX127x_Transmit_Interrupt
34092,0,3288,37380,9204,SX128x_BLE_Modem
31540,0,3288,34828,880c,SX128x_Channel_Activity_Detection_Blocking
31708,0,3292,35000,88b8,SX128x_Channel_Activity_Detection_Interrupt
34084,0,3288,37372,91fc,SX128x_FLRC_Modem
33804,0,3288,37092,90e4,SX128x_GFSK_Modem
33292,0,3288,36580,8ee4,SX128x_Ranging
34532,0,3288,37820,93bc,SX128x_Receive_Blocking
34612,0,3292,37904,9410,SX128x_Receive_Interrupt
32452,0,3672,36124,8d1c,SX128x_Settings
33460,0,3292,36752,8f90,SX128x_Transmit_Blocking
33596,0,3300,36896,9020,SX128x_Transmit_Interrupt
31636,0,3260,34896,8850,Si443x_Receive_Blocking
31708,0,3264,34972,889c,Si443x_Receive_Interrupt
30556,0,3616,34172,857c,Si443x_Settings
31756,0,3264,35020,88cc,Si443x_Transmit_Blocking
31868,0,3272,35140,8944,Si443x_Transmit_Interrupt
37804,0,3804,41608,a288,Stream_Receive
39900,0,3316,43216,a8d0,Stream_Transmit
25612,0,3248,28860,70bc,nRF24_Receive_Blocking
25692,0,3252,28944,7110,nRF24_Receive_Interrupt
25724,0,3252,28976,7130,nRF24_Transmit_Blocking
25812,0,3260,29072,7190,nRF24_Transmit_Interrupt
