text,data,bss,dec,hex,filename
57965,824,7708,66497,103c1,AFSK_Imperial_March
57845,136,7708,65689,10099,AFSK_Tone
57925,136,7708,65769,100e9,AFSK_Tone_AM
63093,136,7764,70993,11551,APRS_MicE
62805,136,7764,70705,11431,APRS_Position
62645,136,7732,70513,11371,APRS_Position_LoRa
59693,136,7724,67553,107e1,AX25_Frames
59277,136,7724,67137,10641,AX25_Transmit
59869,136,7732,67737,10899,AX25_Transmit_AFSK
60693,136,7740,68569,10bd9,BellModem_Transmit
50437,136,7684,58257,e391,CC1101_Receive_Address
50285,136,7684,58105,e2f9,CC1101_Receive_Blocking
50381,136,7692,58209,e361,CC1101_Receive_Interrupt
48517,136,8044,56697,dd79,CC1101_Settings
48021,136,7684,55841,da21,CC1101_Transmit_Address
48365,136,7692,56193,db81,CC1101_Transmit_Blocking
48533,136,7700,56369,dc31,CC1101_Transmit_Interrupt
58477,192,7764,66433,10381,FSK4_Transmit
58517,192,7772,66481,103b1,FSK4_Transmit_AFSK
60965,136,7740,68841,10ce9,Hellschreiber_Transmit
61061,136,7748,68945,10d51,Hellschreiber_Transmit_AFSK
54453,136,7732,62321,f371,LR11x0_Channel_Activity_Detection_Blocking
54629,136,7732,62497,f421,LR11x0_Channel_Activity_Detection_Interrupt
55253,136,7732,63121,f691,LR11x0_GFSK_Modem
56549,136,7812,64497,fbf1,LR11x0_GNSS_Almanac_Update
58093,136,7748,65977,101b9,LR11x0_GNSS_Autonomous_Position
56029,136,7732,63897,f999,LR11x0_GNSS_Satellites
54149,136,7732,62017,f241,LR11x0_LR_FHSS_Modem
57125,136,7740,65001,fde9,LR11x0_PingPong
56861,136,7732,64729,fcd9,LR11x0_Receive_Blocking
56941,136,7732,64809,fd29,LR11x0_Receive_Interrupt
57013,136,7732,64881,fd71,LR11x0_Transmit_Blocking
55157,136,7740,63033,f639,LR11x0_Transmit_Interrupt
57997,136,7732,65865,10149,LR11x0_WiFi_Scan_Blocking
58061,136,7732,65929,10189,LR11x0_WiFi_Scan_Interrupt
76493,136,9220,85849,14f59,LoRaWAN_ABP
79893,136,9308,89337,15cf9,LoRaWAN_Class_C
79989,136,9316,89441,15d61,LoRaWAN_Multicast
78653,136,9228,88017,157d1,LoRaWAN_Reference
76389,136,9228,85753,14ef9,LoRaWAN_Starter
79333,144,9748,89225,15c89,LoRaWAN_TS_Packages
59277,136,7780,67193,10679,Morse_Receive_AM
61133,136,7772,69041,10db1,Morse_Transmit_AM
61045,136,7772,68953,10d59,Morse_Transmit_FM
61005,136,7764,68905,10d29,Morse_Transmit_SSB
60269,144,7756,68169,10a49,Pager_Receive
60341,136,7756,68233,10a89,Pager_Transmit
59085,144,7700,66929,10571,PhysicalLayer_Interface
48925,136,7692,56753,ddb1,RF69_Receive_AES
49141,136,7692,56969,de89,RF69_Receive_Address
49349,136,7692,57177,df59,RF69_Receive_Blocking
49445,136,7692,57273,dfb9,RF69_Receive_Interrupt
49541,136,8052,57729,e181,RF69_Settings
48581,136,7692,56409,dc59,RF69_Transmit_AES
48797,136,7692,56625,dd31,RF69_Transmit_Address
48989,136,7692,56817,ddf1,RF69_Transmit_Blocking
49157,136,7700,56993,dea1,RF69_Transmit_Interrupt
60909,136,7748,68793,10cb9,RTTY_Transmit
60949,136,7756,68841,10ce9,RTTY_Transmit_AFSK
59325,1416,7836,68577,10be1,SSTV_Transmit
59389,1416,7844,68649,10c29,SSTV_Transmit_AFSK
49005,136,7692,56833,de01,SX123x_Receive_Blocking
49157,136,7700,56993,dea1,SX123x_Transmit_Blocking
59653,136,7772,67561,107e9,SX126x_Channel_Activity_Detection_Blocking
59837,136,7780,67753,108a9,SX126x_Channel_Activity_Detection_Interrupt
61445,136,7780,69361,10ef1,SX126x_Channel_Activity_Detection_Receive
60621,136,7772,68529,10bb1,SX126x_FSK_Modem
60757,136,7780,68673,10c41,SX126x_LR_FHSS_Transmit_Blocking
60373,136,7788,68297,10ac9,SX126x_LR_FHSS_Transmit_Interrupt
60901,136,7788,68825,10cd9,SX126x_PingPong
61069,136,7772,68977,10d71,SX126x_Receive_Blocking
61149,136,7780,69065,10dc9,SX126x_Receive_Interrupt
61629,136,8220,69985,11161,SX126x_Settings
61853,136,7772,69761,11081,SX126x_Spectrum_Scan
62421,136,7772,70329,112b9,SX126x_Spectrum_Scan_Frequency
60773,136,7780,68689,10c51,SX126x_Transmit_Blocking
60365,136,7788,68289,10ac1,SX126x_Transmit_Interrupt
57573,136,7700,65409,ff81,SX127x_Channel_Activity_Detection_Blocking
57765,136,7708,65609,10049,SX127x_Channel_Activity_Detection_Interrupt
59397,136,7708,67241,106a9,SX127x_Channel_Activity_Detection_Receive
59061,136,7700,66897,10551,SX127x_FSK_Modem
58845,136,7716,66697,10489,SX127x_PingPong
58981,136,7700,66817,10501,SX127x_Receive_Blocking
57789,136,7700,65625,10059,SX127x_Receive_Direct
58525,168,7716,66409,10369,SX127x_Receive_FHSS
59093,136,7708,66937,10579,SX127x_Receive_Interrupt
61701,136,8076,69913,11119,SX127x_Settings
58709,136,7708,66553,103f9,SX127x_Transmit_Blocking
59101,168,7732,67001,105b9,SX127x_Transmit_FHSS
58301,136,7716,66153,10269,SX127x_Transmit_Interrupt
52189,136,7708,60033,ea81,SX128x_BLE_Modem
51053,136,7708,58897,e611,SX128x_Channel_Activity_Detection_Blocking
51237,136,7708,59081,e6c9,SX128x_Channel_Activity_Detection_Interrupt
52221,136,7708,60065,eaa1,SX128x_FLRC_Modem
51885,136,7708,59729,e951,SX128x_GFSK_Modem
52781,136,7708,60625,ecd1,SX128x_Ranging
52597,136,7708,60441,ec19,SX128x_Receive_Blocking
52693,136,7708,60537,ec79,SX128x_Receive_Interrupt
52013,136,8084,60233,eb49,SX128x_Settings
51597,136,7708,59441,e831,SX128x_Transmit_Blocking
51765,136,7716,59617,e8e1,SX128x_Transmit_Interrupt
49061,136,7684,56881,de31,Si443x_Receive_Blocking
49149,136,7684,56969,de89,Si443x_Receive_Interrupt
49453,136,8036,57625,e119,Si443x_Settings
49253,136,7684,57073,def1,Si443x_Transmit_Blocking
49397,136,7692,57225,df89,Si443x_Transmit_Interrupt
57893,136,8228,66257,102d1,Stream_Receive
58469,136,7732,66337,10321,Stream_Transmit
43773,136,7668,51577,c979,nRF24_Receive_Blocking
43877,136,7676,51689,c9e9,nRF24_Receive_Interrupt
43965,136,7676,51777,ca41,nRF24_Transmit_Blocking
44069,136,7684,51889,cab1,nRF24_Transmit_Interrupt
