text,data,bss,dec,hex,filename
222293,102184,6105,330582,50b56,AFSK_Imperial_March
222157,101480,6105,329742,5080e,AFSK_Tone
222241,101540,6105,329886,5089e,AFSK_Tone_AM
225973,101656,6161,333790,517de,APRS_MicE
225437,101912,6161,333510,516c6,APRS_Position
225585,101628,6129,333342,5161e,APRS_Position_LoRa
223993,101672,6121,331786,5100a,AX25_Frames
223577,101528,6121,331226,50dda,AX25_Transmit
224085,101576,6129,331790,5100e,AX25_Transmit_AFSK
224789,101812,6137,332738,513c2,BellModem_Transmit
216405,101488,6081,323974,4f186,CC1101_Receive_Address
216289,101456,6081,323826,4f0f2,CC1101_Receive_Blocking
216397,101456,6089,323942,4f166,CC1101_Receive_Interrupt
215441,101744,6449,323634,4f032,CC1101_Settings
215233,101352,6081,322666,4ec6a,CC1101_Transmit_Address
215517,101348,6089,322954,4ed8a,CC1101_Transmit_Blocking
215609,101420,6097,323126,4ee36,CC1101_Transmit_Interrupt
222741,101544,6161,330446,50ace,FSK4_Transmit
222773,101544,6169,330486,50af6,FSK4_Transmit_AFSK
224737,102112,6137,332986,514ba,Hellschreiber_Transmit
224825,102128,6145,333098,5152a,Hellschreiber_Transmit_AFSK
220585,101720,6129,328434,502f2,LR11x0_Channel_Activity_Detection_Blocking
220753,101780,6129,328662,503d6,LR11x0_Channel_Activity_Detection_Interrupt
221149,346980,6129,574258,8c332,LR11x0_Firmware_Update
221573,101876,6129,329578,5076a,LR11x0_GFSK_Modem
222565,102048,6209,330822,50c46,LR11x0_GNSS_Almanac_Update
222557,101900,6145,330602,50b6a,LR11x0_GNSS_Autonomous_Position
221981,101956,6129,330066,50952,LR11x0_GNSS_Satellites
220433,101624,6129,328186,501fa,LR11x0_LR_FHSS_Modem
221961,101908,6137,330006,50916,LR11x0_PingPong
221733,101840,6129,329702,507e6,LR11x0_Receive_Blocking
221829,101840,6129,329798,50846,LR11x0_Receive_Interrupt
221533,101756,6129,329418,506ca,LR11x0_Transmit_Blocking
221125,101804,6137,329066,5056a,LR11x0_Transmit_Interrupt
222753,101892,6129,330774,50c16,LR11x0_WiFi_Scan_Blocking
222805,101940,6129,330874,50c7a,LR11x0_WiFi_Scan_Interrupt
239553,103452,7601,350606,5598e,LoRaWAN_ABP
242753,103988,7697,354438,56886,LoRaWAN_Class_C
242857,103956,7705,354518,568d6,LoRaWAN_Multicast
241149,103984,7617,352750,561ee,LoRaWAN_Reference
239473,103468,7617,350558,5595e,LoRaWAN_Starter
241481,103112,8137,352730,561da,LoRaWAN_TS_Packages
223237,101576,6177,330990,50cee,Morse_Receive_AM
224977,101900,6169,333046,514f6,Morse_Transmit_AM
224893,101840,6169,332902,51466,Morse_Transmit_FM
224857,101840,6161,332858,5143a,Morse_Transmit_SSB
224905,101704,6153,332762,513da,Pager_Receive
224757,101608,6153,332518,512e6,Pager_Transmit
223545,101764,6097,331406,50e8e,PhysicalLayer_Interface
214825,101308,6089,322222,4eaae,RF69_Receive_AES
214985,101384,6089,322458,4eb9a,RF69_Receive_Address
215193,101316,6089,322598,4ec26,RF69_Receive_Blocking
215321,101344,6089,322754,4ecc2,RF69_Receive_Interrupt
214773,101804,6457,323034,4edda,RF69_Settings
214261,101240,6089,321590,4e836,RF69_Transmit_AES
214421,101332,6089,321842,4e932,RF69_Transmit_Address
214565,101252,6089,321906,4e972,RF69_Transmit_Blocking
214657,101324,6097,322078,4ea1e,RF69_Transmit_Interrupt
224989,101776,6145,332910,5146e,RTTY_Transmit
225029,101776,6153,332958,5149e,RTTY_Transmit_AFSK
223557,102948,6233,332738,513c2,SSTV_Transmit
223613,102948,6241,332802,51402,SSTV_Transmit_AFSK
214641,101516,6089,322246,4eac6,SX123x_Receive_Blocking
214457,101476,6097,322030,4e9ee,SX123x_Transmit_Blocking
224025,101752,6169,331946,510aa,SX126x_Channel_Activity_Detection_Blocking
224193,101812,6177,332182,51196,SX126x_Channel_Activity_Detection_Interrupt
225761,102040,6177,333978,5189a,SX126x_Channel_Activity_Detection_Receive
225001,102084,6169,333254,515c6,SX126x_FSK_Modem
224969,101788,6177,332934,51486,SX126x_LR_FHSS_Transmit_Blocking
224589,101836,6185,332610,51342,SX126x_LR_FHSS_Transmit_Interrupt
225405,101940,6177,333522,516d2,SX126x_PingPong
225449,101916,6169,333534,516de,SX126x_Receive_Blocking
225545,101932,6177,333654,51756,SX126x_Receive_Interrupt
225205,102480,6625,334310,519e6,SX126x_Settings
224625,103364,6169,334158,5194e,SX126x_Spectrum_Scan
225169,103376,6169,334714,51b7a,SX126x_Spectrum_Scan_Frequency
224973,101788,6177,332938,5148a,SX126x_Transmit_Blocking
224565,101836,6185,332586,5132a,SX126x_Transmit_Interrupt
221885,101512,6097,329494,50716,SX127x_Channel_Activity_Detection_Blocking
222073,101528,6105,329706,507ea,SX127x_Channel_Activity_Detection_Interrupt
223809,101816,6105,331730,50fd2,SX127x_Channel_Activity_Detection_Receive
223197,102068,6097,331362,50e62,SX127x_FSK_Modem
223285,101700,6105,331090,50d52,SX127x_PingPong
223461,101692,6097,331250,50df2,SX127x_Receive_Blocking
222133,101492,6097,329722,507fa,SX127x_Receive_Direct
223001,101752,6105,330858,50c6a,SX127x_Receive_FHSS
223561,101724,6105,331390,50e7e,SX127x_Receive_Interrupt
225157,102160,6481,333798,517e6,SX127x_Settings
222853,101548,6105,330506,50b0a,SX127x_Transmit_Blocking
223029,102008,6129,331166,50d9e,SX127x_Transmit_FHSS
222449,101596,6113,330158,509ae,SX127x_Transmit_Interrupt
216805,101992,6105,324902,4f526,SX128x_BLE_Modem
215681,101704,6105,323490,4efa2,SX128x_Channel_Activity_Detection_Blocking
215849,101780,6105,323734,4f096,SX128x_Channel_Activity_Detection_Interrupt
216865,102036,6105,325006,4f58e,SX128x_FLRC_Modem
216517,102036,6105,324658,4f432,SX128x_GFSK_Modem
217377,101728,6105,325210,4f65a,SX128x_Ranging
217437,101884,6105,325426,4f732,SX128x_Receive_Blocking
217545,101884,6105,325534,4f79e,SX128x_Receive_Interrupt
216337,102032,6489,324858,4f4fa,SX128x_Settings
216125,101716,6105,323946,4f16a,SX128x_Transmit_Blocking
216221,101788,6113,324122,4f21a,SX128x_Transmit_Interrupt
215621,101516,6081,323218,4ee92,Si443x_Receive_Blocking
215733,101516,6081,323330,4ef02,Si443x_Receive_Interrupt
215425,101920,6441,323786,4f0ca,Si443x_Settings
215485,101492,6081,323058,4edf2,Si443x_Transmit_Blocking
215561,101548,6089,323198,4ee7e,Si443x_Transmit_Interrupt
222197,101540,6625,330362,50a7a,Stream_Receive
222261,102060,6129,330450,50ad2,Stream_Transmit
212493,101352,6065,319910,4e1a6,nRF24_Receive_Blocking
212597,101384,6073,320054,4e236,nRF24_Receive_Interrupt
212313,101316,6073,319702,4e0d6,nRF24_Transmit_Blocking
212405,101400,6081,319886,4e18e,nRF24_Transmit_Interrupt
