text,data,bss,dec,hex,filename
337820,12032,8120,357972,57654,AFSK_Imperial_March
337684,12032,8120,357836,575cc,AFSK_Tone
337780,12032,8120,357932,5762c,AFSK_Tone_AM
341668,12032,8176,361876,58594,APRS_MicE
341284,12032,8176,361492,58414,APRS_Position
341348,12032,8144,361524,58434,APRS_Position_LoRa
339476,12032,8136,359644,57cdc,AX25_Frames
339108,12032,8136,359276,57b6c,AX25_Transmit
339604,12032,8144,359780,57d64,AX25_Transmit_AFSK
339988,12032,8152,360172,57eec,BellModem_Transmit
330768,12032,8100,350900,55ab4,CC1101_Receive_Address
330624,12032,8100,350756,55a24,CC1101_Receive_Blocking
330704,12032,8100,350836,55a74,CC1101_Receive_Interrupt
330064,12032,8460,350556,5595c,CC1101_Settings
329920,12032,8100,350052,55764,CC1101_Transmit_Address
330324,12032,8104,350460,558fc,CC1101_Transmit_Blocking
330472,12032,8108,350612,55994,CC1101_Transmit_Interrupt
338352,12032,8172,358556,5789c,FSK4_Transmit
338376,12032,8180,358588,578bc,FSK4_Transmit_AFSK
340288,12032,8148,360468,58014,Hellschreiber_Transmit
340352,12032,8156,360540,5805c,Hellschreiber_Transmit_AFSK
335992,12032,8140,356164,56f44,LR11x0_Channel_Activity_Detection_Blocking
336168,12032,8140,356340,56ff4,LR11x0_Channel_Activity_Detection_Interrupt
581744,12032,8140,601916,92f3c,LR11x0_Firmware_Update
336736,12032,8140,356908,5722c,LR11x0_GFSK_Modem
337880,12032,8220,358132,576f4,LR11x0_GNSS_Almanac_Update
337944,12032,8156,358132,576f4,LR11x0_GNSS_Autonomous_Position
337444,12032,8144,357620,574f4,LR11x0_GNSS_Satellites
335704,12032,8140,355876,56e24,LR11x0_LR_FHSS_Modem
337076,12032,8144,357252,57384,LR11x0_PingPong
336832,12032,8140,357004,5728c,LR11x0_Receive_Blocking
336904,12032,8140,357076,572d4,LR11x0_Receive_Interrupt
337076,12032,8144,357252,57384,LR11x0_Transmit_Blocking
336704,12032,8148,356884,57214,LR11x0_Transmit_Interrupt
337888,12032,8140,358060,576ac,LR11x0_WiFi_Scan_Blocking
337952,12032,8140,358124,576ec,LR11x0_WiFi_Scan_Interrupt
353024,12032,9476,374532,5b704,LoRaWAN_ABP
355080,12032,9484,376596,5bf14,LoRaWAN_Reference
352984,12032,9484,374500,5b6e4,LoRaWAN_Starter
338772,12032,8184,358988,57a4c,Morse_Receive_AM
340156,12032,8184,360372,57fb4,Morse_Transmit_AM
340060,12032,8184,360276,57f54,Morse_Transmit_FM
340036,12032,8176,360244,57f34,Morse_Transmit_SSB
339968,12032,8164,360164,57ee4,Pager_Receive
340088,12032,8164,360284,57f5c,Pager_Transmit
338812,12032,8112,358956,57a2c,PhysicalLayer_Interface
329536,12032,8108,349676,555ec,RF69_Receive_AES
329768,12032,8108,349908,556d4,RF69_Receive_Address
329896,12032,8108,350036,55754,RF69_Receive_Blocking
329984,12032,8108,350124,557ac,RF69_Receive_Interrupt
329824,12032,8476,350332,5587c,RF69_Settings
329240,12032,8108,349380,554c4,RF69_Transmit_AES
329464,12032,8108,349604,555a4,RF69_Transmit_Address
329708,12032,8112,349852,5569c,RF69_Transmit_Blocking
329856,12032,8116,350004,55734,RF69_Transmit_Interrupt
340168,12032,8156,360356,57fa4,RTTY_Transmit
340192,12032,8164,360388,57fc4,RTTY_Transmit_AFSK
339084,12032,8248,359364,57bc4,SSTV_Transmit
339116,12032,8256,359404,57bec,SSTV_Transmit_AFSK
329624,12032,8108,349764,55644,SX123x_Receive_Blocking
329860,12032,8112,350004,55734,SX123x_Transmit_Blocking
339488,12032,8180,359700,57d14,SX126x_Channel_Activity_Detection_Blocking
339664,12032,8180,359876,57dc4,SX126x_Channel_Activity_Detection_Interrupt
340976,12032,8180,361188,582e4,SX126x_Channel_Activity_Detection_Receive
340344,12032,8180,360556,5806c,SX126x_FSK_Modem
339768,12032,8180,359980,57e2c,SX126x_LR_FHSS_Modem
340564,12032,8184,360780,5814c,SX126x_PingPong
340624,12032,8180,360836,58184,SX126x_Receive_Blocking
340696,12032,8180,360908,581cc,SX126x_Receive_Interrupt
340904,12032,8620,361556,58454,SX126x_Settings
341680,12032,8180,361892,585a4,SX126x_Spectrum_Scan
342184,12032,8180,362396,5879c,SX126x_Spectrum_Scan_Frequency
340572,12032,8184,360788,58154,SX126x_Transmit_Blocking
340208,12032,8188,360428,57fec,SX126x_Transmit_Interrupt
337468,12032,8112,357612,574ec,SX127x_Channel_Activity_Detection_Blocking
337636,12032,8112,357780,57594,SX127x_Channel_Activity_Detection_Interrupt
339148,12032,8112,359292,57b7c,SX127x_Channel_Activity_Detection_Receive
338892,12032,8112,359036,57a7c,SX127x_FSK_Modem
338576,12032,8116,358724,57944,SX127x_PingPong
338756,12032,8112,358900,579f4,SX127x_Receive_Blocking
337652,12032,8112,357796,575a4,SX127x_Receive_Direct
338312,12032,8116,358460,5783c,SX127x_Receive_FHSS
338868,12032,8112,359012,57a64,SX127x_Receive_Interrupt
340984,12032,8484,361500,5841c,SX127x_Settings
338568,12032,8116,358716,5793c,SX127x_Transmit_Blocking
338924,12032,8136,359092,57ab4,SX127x_Transmit_FHSS
338204,12032,8120,358356,577d4,SX127x_Transmit_Interrupt
332004,12032,8112,352148,55f94,SX128x_BLE_Modem
330988,12032,8112,351132,55b9c,SX128x_Channel_Activity_Detection_Blocking
331172,12032,8112,351316,55c54,SX128x_Channel_Activity_Detection_Interrupt
332020,12032,8112,352164,55fa4,SX128x_FLRC_Modem
331732,12032,8112,351876,55e84,SX128x_GFSK_Modem
332652,12032,8112,352796,5621c,SX128x_Ranging
332428,12032,8112,352572,5613c,SX128x_Receive_Blocking
332516,12032,8112,352660,56194,SX128x_Receive_Interrupt
331536,12032,8484,352052,55f34,SX128x_Settings
331568,12032,8116,351716,55de4,SX128x_Transmit_Blocking
331716,12032,8120,351868,55e7c,SX128x_Transmit_Interrupt
330716,12032,8096,350844,55a7c,Si443x_Receive_Blocking
330796,12032,8096,350924,55acc,Si443x_Receive_Interrupt
330800,12032,8452,351284,55c34,Si443x_Settings
331008,12032,8100,351140,55ba4,Si443x_Transmit_Blocking
331124,12032,8104,351260,55c1c,Si443x_Transmit_Interrupt
337224,12032,8628,357884,575fc,Stream_Receive
338276,12032,8136,358444,5782c,Stream_Transmit
327336,12032,8084,347452,54d3c,nRF24_Receive_Blocking
327416,12032,8084,347532,54d8c,nRF24_Receive_Interrupt
327628,12032,8088,347748,54e64,nRF24_Transmit_Blocking
327712,12032,8092,347836,54ebc,nRF24_Transmit_Interrupt
