text,data,bss,dec,hex,filename
32000,94,900,32994,80e2,AFSK_Imperial_March
31420,94,900,32414,7e9e,AFSK_Tone
31550,94,900,32544,7f20,AFSK_Tone_AM
36503,94,935,37532,929c,APRS_MicE
37387,94,935,38416,9610,APRS_Position
35992,94,913,36999,9087,APRS_Position_LoRa
33701,94,910,34705,8791,AX25_Frames
33044,94,910,34048,8500,AX25_Transmit
33892,94,916,34902,8856,AX25_Transmit_AFSK
34303,94,923,35320,89f8,BellModem_Transmit
21179,94,884,22157,568d,CC1101_Receive_Address
21061,94,884,22039,5617,CC1101_Receive_Blocking
21149,94,885,22128,5670,CC1101_Receive_Interrupt
21015,94,1228,22337,5741,CC1101_Settings
19834,94,884,20812,514c,CC1101_Transmit_Address
20752,94,886,21732,54e4,CC1101_Transmit_Blocking
20861,94,889,21844,5554,CC1101_Transmit_Interrupt
32344,140,950,33434,829a,FSK4_Transmit
32380,140,956,33476,82c4,FSK4_Transmit_AFSK
34641,94,916,35651,8b43,Hellschreiber_Transmit
34759,94,922,35775,8bbf,Hellschreiber_Transmit_AFSK
25643,94,922,26659,6823,LR11x0_Channel_Activity_Detection_Blocking
25859,94,923,26876,68fc,LR11x0_Channel_Activity_Detection_Interrupt
27020,94,922,28036,6d84,LR11x0_GFSK_Modem
26469,94,987,27550,6b9e,LR11x0_GNSS_Almanac_Update
27510,94,937,28541,6f7d,LR11x0_GNSS_Autonomous_Position
27402,94,926,28422,6f06,LR11x0_GNSS_Satellites
25406,94,922,26422,6736,LR11x0_LR_FHSS_Modem
27292,94,926,28312,6e98,LR11x0_PingPong
27115,94,922,28131,6de3,LR11x0_Receive_Blocking
27209,94,923,28226,6e42,LR11x0_Receive_Interrupt
27040,94,924,28058,6d9a,LR11x0_Transmit_Blocking
26779,94,927,27800,6c98,LR11x0_Transmit_Interrupt
28971,94,922,29987,7523,LR11x0_WiFi_Scan_Blocking
29075,94,923,30092,758c,LR11x0_WiFi_Scan_Interrupt
33634,94,953,34681,8779,Morse_Receive_AM
34828,94,951,35873,8c21,Morse_Transmit_AM
34692,94,951,35737,8b99,Morse_Transmit_FM
34656,94,945,35695,8b6f,Morse_Transmit_SSB
37303,98,933,38334,95be,Pager_Receive
37268,94,931,38293,9595,Pager_Transmit
33113,94,894,34101,8535,PhysicalLayer_Interface
20413,94,887,21394,5392,RF69_Receive_AES
20661,94,887,21642,548a,RF69_Receive_Address
20679,94,887,21660,549c,RF69_Receive_Blocking
20747,94,888,21729,54e1,RF69_Receive_Interrupt
20975,94,1234,22303,571f,RF69_Settings
19486,94,887,20467,4ff3,RF69_Transmit_AES
19734,94,887,20715,50eb,RF69_Transmit_Address
20420,94,889,21403,539b,RF69_Transmit_Blocking
20535,94,892,21521,5411,RF69_Transmit_Interrupt
34740,94,924,35758,8bae,RTTY_Transmit
34776,94,930,35800,8bd8,RTTY_Transmit_AFSK
33476,1374,986,35836,8bfc,SSTV_Transmit
33536,1374,992,35902,8c3e,SSTV_Transmit_AFSK
20435,94,888,21417,53a9,SX123x_Receive_Blocking
20418,94,890,21402,539a,SX123x_Transmit_Blocking
35794,94,950,36838,8fe6,SX126x_Channel_Activity_Detection_Blocking
36010,94,951,37055,90bf,SX126x_Channel_Activity_Detection_Interrupt
38010,94,952,39056,9890,SX126x_Channel_Activity_Detection_Receive
37359,94,950,38403,9603,SX126x_FSK_Modem
37167,94,952,38213,9545,SX126x_LR_FHSS_Transmit_Blocking
36846,94,955,37895,9407,SX126x_LR_FHSS_Transmit_Interrupt
37477,94,954,38525,967d,SX126x_PingPong
37560,94,950,38604,96cc,SX126x_Receive_Blocking
37644,94,951,38689,9721,SX126x_Receive_Interrupt
38675,94,1358,40127,9cbf,SX126x_Settings
38167,94,950,39211,992b,SX126x_Spectrum_Scan
38597,94,950,39641,9ad9,SX126x_Spectrum_Scan_Frequency
37185,94,952,38231,9557,SX126x_Transmit_Blocking
36932,94,955,37981,945d,SX126x_Transmit_Interrupt
31026,94,894,32014,7d0e,SX127x_Channel_Activity_Detection_Blocking
31366,94,896,32356,7e64,SX127x_Channel_Activity_Detection_Interrupt
33450,94,897,34441,8689,SX127x_Channel_Activity_Detection_Receive
33351,94,894,34339,8623,SX127x_FSK_Modem
32795,94,898,33787,83fb,SX127x_PingPong
32988,94,894,33976,84b8,SX127x_Receive_Blocking
31141,94,894,32129,7d81,SX127x_Receive_Direct
32708,94,898,33700,83a4,SX127x_Receive_FHSS
33082,94,895,34071,8517,SX127x_Receive_Interrupt
36280,94,1248,37622,92f6,SX127x_Settings
32489,94,896,33479,82c7,SX127x_Transmit_Blocking
33323,94,908,34325,8615,SX127x_Transmit_FHSS
32238,94,899,33231,81cf,SX127x_Transmit_Interrupt
23888,94,901,24883,6133,SX128x_BLE_Modem
22203,94,901,23198,5a9e,SX128x_Channel_Activity_Detection_Blocking
22425,94,902,23421,5b7d,SX128x_Channel_Activity_Detection_Interrupt
23972,94,901,24967,6187,SX128x_FLRC_Modem
23577,94,901,24572,5ffc,SX128x_GFSK_Modem
24337,94,901,25332,62f4,SX128x_Ranging
24773,94,901,25768,64a8,SX128x_Receive_Blocking
24865,94,902,25861,6505,SX128x_Receive_Interrupt
23643,94,1262,24999,61a7,SX128x_Settings
23218,94,903,24215,5e97,SX128x_Transmit_Blocking
23339,94,906,24339,5f13,SX128x_Transmit_Interrupt
22471,94,882,23447,5b97,Si443x_Receive_Blocking
22553,94,883,23530,5bea,Si443x_Receive_Interrupt
22491,94,1224,23809,5d01,Si443x_Settings
22572,94,884,23550,5bfe,Si443x_Transmit_Blocking
22669,94,887,23650,5c62,Si443x_Transmit_Interrupt
31684,94,1410,33188,81a4,Stream_Receive
32609,94,908,33611,834b,Stream_Transmit
16224,94,871,17189,4325,nRF24_Receive_Blocking
16314,94,872,17280,4380,nRF24_Receive_Interrupt
16465,94,873,17432,4418,nRF24_Transmit_Blocking
16550,94,876,17520,4470,nRF24_Transmit_Interrupt
