text,data,bss,dec,hex,filename
54664,1220,48444,104328,19788,AFSK_Imperial_March
54520,532,49132,104184,196f8,AFSK_Tone
54616,532,49132,104280,19758,AFSK_Tone_AM
60444,532,49132,110108,1ae1c,APRS_MicE
60140,532,49132,109804,1acec,APRS_Position
60076,532,49132,109740,1acac,APRS_Position_LoRa
56664,532,49132,106328,19f58,AX25_Frames
56248,532,49132,105912,19db8,AX25_Transmit
56800,532,49132,106464,19fe0,AX25_Transmit_AFSK
57720,532,49132,107384,1a378,BellModem_Transmit
45060,532,49132,94724,17204,CC1101_Receive_Address
44932,532,49132,94596,17184,CC1101_Receive_Blocking
44948,532,49132,94612,17194,CC1101_Receive_Interrupt
43168,532,49132,92832,16aa0,CC1101_Settings
42512,532,49132,92176,16810,CC1101_Transmit_Address
43024,532,49132,92688,16a10,CC1101_Transmit_Blocking
43360,532,49132,93024,16b60,CC1101_Transmit_Interrupt
55176,584,49080,104840,19988,FSK4_Transmit
55208,584,49080,104872,199a8,FSK4_Transmit_AFSK
58016,532,49132,107680,1a4a0,Hellschreiber_Transmit
58096,532,49132,107760,1a4f0,Hellschreiber_Transmit_AFSK
49264,532,49132,98928,18270,LR11x0_Channel_Activity_Detection_Blocking
49472,532,49132,99136,18340,LR11x0_Channel_Activity_Detection_Interrupt
50336,532,49132,100000,186a0,LR11x0_GFSK_Modem
51328,532,49132,100992,18a80,LR11x0_GNSS_Almanac_Update
52996,532,49132,102660,19104,LR11x0_GNSS_Autonomous_Position
50976,532,49132,100640,18920,LR11x0_GNSS_Satellites
49168,532,49132,98832,18210,LR11x0_LR_FHSS_Modem
52148,532,49132,101812,18db4,LR11x0_PingPong
51796,532,49132,101460,18c54,LR11x0_Receive_Blocking
51828,532,49132,101492,18c74,LR11x0_Receive_Interrupt
51876,532,49132,101540,18ca4,LR11x0_Transmit_Blocking
50320,532,49132,99984,18690,LR11x0_Transmit_Interrupt
53060,532,49132,102724,19144,LR11x0_WiFi_Scan_Blocking
53188,532,49132,102852,191c4,LR11x0_WiFi_Scan_Interrupt
81440,532,49132,131104,20020,LoRaWAN_ABP
84212,532,49132,133876,20af4,LoRaWAN_Class_C
84084,532,49132,133748,20a74,LoRaWAN_Multicast
85772,532,49132,135436,2110c,LoRaWAN_Reference
81440,532,49132,131104,20020,LoRaWAN_Starter
85076,540,49124,134740,20e54,LoRaWAN_TS_Packages
55792,532,49132,105456,19bf0,Morse_Receive_AM
57912,532,49132,107576,1a438,Morse_Transmit_AM
57832,532,49132,107496,1a3e8,Morse_Transmit_FM
57800,532,49132,107464,1a3c8,Morse_Transmit_SSB
57368,536,49128,107032,1a218,Pager_Receive
57480,532,49132,107144,1a288,Pager_Transmit
57420,536,49128,107084,1a24c,PhysicalLayer_Interface
42184,532,49132,91848,166c8,RF69_Receive_AES
42424,532,49132,92088,167b8,RF69_Receive_Address
44012,532,49132,93676,16dec,RF69_Receive_Blocking
44028,532,49132,93692,16dfc,RF69_Receive_Interrupt
43144,532,49132,92808,16a88,RF69_Settings
41688,532,49132,91352,164d8,RF69_Transmit_AES
41928,532,49132,91592,165c8,RF69_Transmit_Address
42280,532,49132,91944,16728,RF69_Transmit_Blocking
42616,532,49132,92280,16878,RF69_Transmit_Interrupt
57992,532,49132,107656,1a488,RTTY_Transmit
58008,532,49132,107672,1a498,RTTY_Transmit_AFSK
56464,1812,47852,106128,19e90,SSTV_Transmit
56464,1812,47852,106128,19e90,SSTV_Transmit_AFSK
42312,532,49132,91976,16748,SX123x_Receive_Blocking
42472,532,49132,92136,167e8,SX123x_Transmit_Blocking
53760,532,49132,103424,19400,SX126x_Channel_Activity_Detection_Blocking
53920,532,49132,103584,194a0,SX126x_Channel_Activity_Detection_Interrupt
56892,532,49132,106556,1a03c,SX126x_Channel_Activity_Detection_Receive
55120,532,49132,104784,19950,SX126x_FSK_Modem
56364,532,49132,106028,19e2c,SX126x_LR_FHSS_Transmit_Blocking
54832,532,49132,104496,19830,SX126x_LR_FHSS_Transmit_Interrupt
56588,532,49132,106252,19f0c,SX126x_PingPong
56588,532,49132,106252,19f0c,SX126x_Receive_Blocking
56604,532,49132,106268,19f1c,SX126x_Receive_Interrupt
56088,532,49132,105752,19d18,SX126x_Settings
56320,532,49132,105984,19e00,SX126x_Spectrum_Scan
58332,532,49132,107996,1a5dc,SX126x_Spectrum_Scan_Frequency
56364,532,49132,106028,19e2c,SX126x_Transmit_Blocking
54816,532,49132,104480,19820,SX126x_Transmit_Interrupt
54312,532,49132,103976,19628,SX127x_Channel_Activity_Detection_Blocking
54552,532,49132,104216,19718,SX127x_Channel_Activity_Detection_Interrupt
57692,532,49132,107356,1a35c,SX127x_Channel_Activity_Detection_Receive
56440,532,49132,106104,19e78,SX127x_FSK_Modem
57212,532,49132,106876,1a17c,SX127x_PingPong
57260,532,49132,106924,1a1ac,SX127x_Receive_Blocking
54664,532,49132,104328,19788,SX127x_Receive_Direct
55464,560,49104,105128,19aa8,SX127x_Receive_FHSS
57308,532,49132,106972,1a1dc,SX127x_Receive_Interrupt
59880,532,49132,109544,1abe8,SX127x_Settings
56956,532,49132,106620,1a07c,SX127x_Transmit_Blocking
56120,560,49104,105784,19d38,SX127x_Transmit_FHSS
55400,532,49132,105064,19a68,SX127x_Transmit_Interrupt
47248,532,49132,96912,17a90,SX128x_BLE_Modem
45648,532,49132,95312,17450,SX128x_Channel_Activity_Detection_Blocking
45856,532,49132,95520,17520,SX128x_Channel_Activity_Detection_Interrupt
47232,532,49132,96896,17a80,SX128x_FLRC_Modem
46656,532,49132,96320,17840,SX128x_GFSK_Modem
48980,532,49132,98644,18154,SX128x_Ranging
48524,532,49132,98188,17f8c,SX128x_Receive_Blocking
48540,532,49132,98204,17f9c,SX128x_Receive_Interrupt
46688,532,49132,96352,17860,SX128x_Settings
46368,532,49132,96032,17720,SX128x_Transmit_Blocking
46704,532,49132,96368,17870,SX128x_Transmit_Interrupt
42760,532,49132,92424,16908,Si443x_Receive_Blocking
42760,532,49132,92424,16908,Si443x_Receive_Interrupt
42952,532,49132,92616,169c8,Si443x_Settings
42984,532,49132,92648,169e8,Si443x_Transmit_Blocking
43288,532,49132,92952,16b18,Si443x_Transmit_Interrupt
54840,532,49132,104504,19838,Stream_Receive
55400,532,49132,105064,19a68,Stream_Transmit
37976,532,49132,87640,15658,nRF24_Receive_Blocking
38024,532,49132,87688,15688,nRF24_Receive_Interrupt
38216,532,49132,87880,15748,nRF24_Transmit_Blocking
38488,532,49132,88152,15858,nRF24_Transmit_Interrupt
