text,data,bss,dec,hex,filename
55368,1344,4484,61196,ef0c,AFSK_Imperial_March
55232,656,4484,60372,ebd4,AFSK_Tone
55320,656,4484,60460,ec2c,AFSK_Tone_AM
59888,656,4548,65092,fe44,APRS_MicE
59592,656,4548,64796,fd1c,APRS_Position
59520,656,4516,64692,fcb4,APRS_Position_LoRa
57008,656,4500,62164,f2d4,AX25_Frames
56624,656,4500,61780,f154,AX25_Transmit
57136,656,4516,62308,f364,AX25_Transmit_AFSK
57864,656,4516,63036,f63c,BellModem_Transmit
47496,656,4468,52620,cd8c,CC1101_Receive_Address
47344,656,4468,52468,ccf4,CC1101_Receive_Blocking
47432,656,4468,52556,cd4c,CC1101_Receive_Interrupt
46872,656,4836,52364,cc8c,CC1101_Settings
46376,656,4468,51500,c92c,CC1101_Transmit_Address
46936,656,4468,52060,cb5c,CC1101_Transmit_Blocking
47088,656,4484,52228,cc04,CC1101_Transmit_Interrupt
55832,704,4548,61084,ee9c,FSK4_Transmit
55856,704,4548,61108,eeb4,FSK4_Transmit_AFSK
58160,656,4516,63332,f764,Hellschreiber_Transmit
58248,656,4532,63436,f7cc,Hellschreiber_Transmit_AFSK
53864,656,4516,59036,e69c,LR11x0_Channel_Activity_Detection_Blocking
54040,656,4516,59212,e74c,LR11x0_Channel_Activity_Detection_Interrupt
54896,656,4516,60068,eaa4,LR11x0_GFSK_Modem
55856,656,4596,61108,eeb4,LR11x0_GNSS_Almanac_Update
55864,656,4532,61052,ee7c,LR11x0_GNSS_Autonomous_Position
55328,656,4516,60500,ec54,LR11x0_GNSS_Satellites
53568,656,4516,58740,e574,LR11x0_LR_FHSS_Modem
55216,656,4516,60388,ebe4,LR11x0_PingPong
54968,656,4516,60140,eaec,LR11x0_Receive_Blocking
55040,656,4516,60212,eb34,LR11x0_Receive_Interrupt
55088,656,4516,60260,eb64,LR11x0_Transmit_Blocking
54744,656,4516,59916,ea0c,LR11x0_Transmit_Interrupt
56096,656,4516,61268,ef54,LR11x0_WiFi_Scan_Blocking
56160,656,4516,61332,ef94,LR11x0_WiFi_Scan_Interrupt
72384,656,5860,78900,13434,LoRaWAN_ABP
74432,656,5876,80964,13c44,LoRaWAN_Reference
72352,656,5876,78884,13424,LoRaWAN_Starter
56392,656,4564,61612,f0ac,Morse_Receive_AM
58056,656,4548,63260,f71c,Morse_Transmit_AM
57968,656,4548,63172,f6c4,Morse_Transmit_FM
57936,656,4548,63140,f6a4,Morse_Transmit_SSB
57840,656,4532,63028,f634,Pager_Receive
57712,656,4532,62900,f5b4,Pager_Transmit
56632,656,4484,61772,f14c,PhysicalLayer_Interface
46992,656,4484,52132,cba4,RF69_Receive_AES
47216,656,4484,52356,cc84,RF69_Receive_Address
47336,656,4484,52476,ccfc,RF69_Receive_Blocking
47424,656,4484,52564,cd54,RF69_Receive_Interrupt
47352,656,4852,52860,ce7c,RF69_Settings
46400,656,4484,51540,c954,RF69_Transmit_AES
46632,656,4484,51772,ca3c,RF69_Transmit_Address
47032,656,4484,52172,cbcc,RF69_Transmit_Blocking
47184,656,4484,52324,cc64,RF69_Transmit_Interrupt
58040,656,4532,63228,f6fc,RTTY_Transmit
58064,656,4532,63252,f714,RTTY_Transmit_AFSK
56736,1936,4612,63284,f734,SSTV_Transmit
56784,1936,4628,63348,f774,SSTV_Transmit_AFSK
47064,656,4484,52204,cbec,SX123x_Receive_Blocking
47184,656,4484,52324,cc64,SX123x_Transmit_Blocking
57088,656,4548,62292,f354,SX126x_Channel_Activity_Detection_Blocking
57256,656,4548,62460,f3fc,SX126x_Channel_Activity_Detection_Interrupt
59008,656,4548,64212,fad4,SX126x_Channel_Activity_Detection_Receive
58232,656,4548,63436,f7cc,SX126x_FSK_Modem
57368,656,4548,62572,f46c,SX126x_LR_FHSS_Modem
58440,656,4564,63660,f8ac,SX126x_PingPong
58656,656,4548,63860,f974,SX126x_Receive_Blocking
58728,656,4548,63932,f9bc,SX126x_Receive_Interrupt
58944,656,4996,64596,fc54,SX126x_Settings
59256,656,4548,64460,fbcc,SX126x_Spectrum_Scan
59736,656,4548,64940,fdac,SX126x_Spectrum_Scan_Frequency
58304,656,4548,63508,f814,SX126x_Transmit_Blocking
57968,656,4564,63188,f6d4,SX126x_Transmit_Interrupt
55000,656,4484,60140,eaec,SX127x_Channel_Activity_Detection_Blocking
55176,656,4484,60316,eb9c,SX127x_Channel_Activity_Detection_Interrupt
57008,656,4484,62148,f2c4,SX127x_Channel_Activity_Detection_Receive
56720,656,4484,61860,f1a4,SX127x_FSK_Modem
56384,656,4500,61540,f064,SX127x_PingPong
56608,656,4484,61748,f134,SX127x_Receive_Blocking
55208,656,4484,60348,ebbc,SX127x_Receive_Direct
56144,688,4500,61332,ef94,SX127x_Receive_FHSS
56712,656,4484,61852,f19c,SX127x_Receive_Interrupt
58888,656,4852,64396,fb8c,SX127x_Settings
56248,656,4484,61388,efcc,SX127x_Transmit_Blocking
56632,688,4516,61836,f18c,SX127x_Transmit_FHSS
55912,656,4500,61068,ee8c,SX127x_Transmit_Interrupt
49904,656,4484,55044,d704,SX128x_BLE_Modem
48608,656,4484,53748,d1f4,SX128x_Channel_Activity_Detection_Blocking
48784,656,4484,53924,d2a4,SX128x_Channel_Activity_Detection_Interrupt
49920,656,4484,55060,d714,SX128x_FLRC_Modem
49632,656,4484,54772,d5f4,SX128x_GFSK_Modem
50232,656,4484,55372,d84c,SX128x_Ranging
50320,656,4484,55460,d8a4,SX128x_Receive_Blocking
50408,656,4484,55548,d8fc,SX128x_Receive_Interrupt
49544,656,4852,55052,d70c,SX128x_Settings
49336,656,4484,54476,d4cc,SX128x_Transmit_Blocking
49488,656,4500,54644,d574,SX128x_Transmit_Interrupt
47544,656,4468,52668,cdbc,Si443x_Receive_Blocking
47632,656,4468,52756,ce14,Si443x_Receive_Interrupt
47688,656,4820,53164,cfac,Si443x_Settings
47712,656,4468,52836,ce64,Si443x_Transmit_Blocking
47840,656,4484,52980,cef4,Si443x_Transmit_Interrupt
55296,656,5012,60964,ee24,Stream_Receive
56168,656,4516,61340,ef9c,Stream_Transmit
42232,656,4452,47340,b8ec,nRF24_Receive_Blocking
42328,656,4452,47436,b94c,nRF24_Receive_Interrupt
42400,656,4452,47508,b994,nRF24_Transmit_Blocking
42496,656,4468,47620,ba04,nRF24_Transmit_Interrupt
