text,data,bss,dec,hex,filename
31540,686,770,32996,80e4,AFSK_Imperial_March
31266,342,770,32378,7e7a,AFSK_Tone
31436,342,770,32548,7f24,AFSK_Tone_AM
36286,390,805,37481,9269,APRS_MicE
37084,488,805,38377,95e9,APRS_Position
35740,428,783,36951,9057,APRS_Position_LoRa
33512,402,780,34694,8786,AX25_Frames
33062,366,780,34208,85a0,AX25_Transmit
33870,384,786,35040,88e0,AX25_Transmit_AFSK
34016,410,793,35219,8993,BellModem_Transmit
21440,386,755,22581,5835,CC1101_Receive_Address
21320,386,755,22461,57bd,CC1101_Receive_Blocking
21406,386,756,22548,5814,CC1101_Receive_Interrupt
21464,374,1097,22935,5997,CC1101_Settings
20132,388,755,21275,531b,CC1101_Transmit_Address
21072,390,757,22219,56cb,CC1101_Transmit_Blocking
21174,402,760,22336,5740,CC1101_Transmit_Interrupt
32244,388,820,33452,82ac,FSK4_Transmit
32274,388,826,33488,82d0,FSK4_Transmit_AFSK
34390,386,786,35562,8aea,Hellschreiber_Transmit
34490,402,792,35684,8b64,Hellschreiber_Transmit_AFSK
26066,566,789,27421,6b1d,LR11x0_Channel_Activity_Detection_Blocking
26306,566,790,27662,6c0e,LR11x0_Channel_Activity_Detection_Interrupt
27614,400,789,28803,7083,LR11x0_GFSK_Modem
26926,566,854,28346,6eba,LR11x0_GNSS_Almanac_Update
27958,584,804,29346,72a2,LR11x0_GNSS_Autonomous_Position
27808,576,793,29177,71f9,LR11x0_GNSS_Satellites
26002,396,789,27187,6a33,LR11x0_LR_FHSS_Modem
27720,592,793,29105,71b1,LR11x0_PingPong
27560,578,789,28927,70ff,LR11x0_Receive_Blocking
27646,578,790,29014,7156,LR11x0_Receive_Interrupt
27478,594,791,28863,70bf,LR11x0_Transmit_Blocking
27184,594,794,28572,6f9c,LR11x0_Transmit_Interrupt
29456,600,789,30845,787d,LR11x0_WiFi_Scan_Blocking
29576,600,790,30966,78f6,LR11x0_WiFi_Scan_Interrupt
55338,1750,2002,59090,e6d2,LoRaWAN_ABP
57698,1782,2000,61480,f028,LoRaWAN_Reference
55348,1750,2000,59098,e6da,LoRaWAN_Starter
33532,352,823,34707,8793,Morse_Receive_AM
34550,380,821,35751,8ba7,Morse_Transmit_AM
34374,380,821,35575,8af7,Morse_Transmit_FM
34350,380,815,35545,8ad9,Morse_Transmit_SSB
37098,352,803,38253,956d,Pager_Receive
37114,372,801,38287,958f,Pager_Transmit
32798,366,764,33928,8488,PhysicalLayer_Interface
21186,350,759,22295,5717,RF69_Receive_AES
21452,334,759,22545,5811,RF69_Receive_Address
21494,346,759,22599,5847,RF69_Receive_Blocking
21562,346,760,22668,588c,RF69_Receive_Interrupt
22018,342,1105,23465,5ba9,RF69_Settings
20326,364,759,21449,53c9,RF69_Transmit_AES
20590,348,759,21697,54c1,RF69_Transmit_Address
21276,350,761,22387,5773,RF69_Transmit_Blocking
21382,362,764,22508,57ec,RF69_Transmit_Interrupt
34492,378,794,35664,8b50,RTTY_Transmit
34516,378,800,35694,8b6e,RTTY_Transmit_AFSK
33202,1702,856,35760,8bb0,SSTV_Transmit
33254,1702,862,35818,8bea,SSTV_Transmit_AFSK
20944,334,760,22038,5616,SX123x_Receive_Blocking
21008,350,762,22120,5668,SX123x_Transmit_Blocking
34558,578,817,35953,8c71,SX126x_Channel_Activity_Detection_Blocking
34788,578,818,36184,8d58,SX126x_Channel_Activity_Detection_Interrupt
36744,590,819,38153,9509,SX126x_Channel_Activity_Detection_Receive
36072,598,817,37487,926f,SX126x_FSK_Modem
34786,594,817,36197,8d65,SX126x_LR_FHSS_Modem
36188,602,821,37611,92eb,SX126x_PingPong
36292,590,817,37699,9343,SX126x_Receive_Blocking
36380,590,818,37788,939c,SX126x_Receive_Interrupt
37246,796,1219,39261,995d,SX126x_Settings
37122,588,817,38527,967f,SX126x_Spectrum_Scan
37562,606,817,38985,9849,SX126x_Spectrum_Scan_Frequency
36010,604,819,37433,9239,SX126x_Transmit_Blocking
35724,606,822,37152,9120,SX126x_Transmit_Interrupt
30756,342,764,31862,7c76,SX127x_Channel_Activity_Detection_Blocking
31112,342,766,32220,7ddc,SX127x_Channel_Activity_Detection_Interrupt
33138,354,767,34259,85d3,SX127x_Channel_Activity_Detection_Receive
33140,362,764,34266,85da,SX127x_FSK_Modem
32444,366,768,33578,832a,SX127x_PingPong
32666,354,764,33784,83f8,SX127x_Receive_Blocking
31020,382,764,32166,7da6,SX127x_Receive_Direct
32382,366,768,33516,82ec,SX127x_Receive_FHSS
32764,354,765,33883,845b,SX127x_Receive_Interrupt
35826,450,1115,37391,920f,SX127x_Settings
32262,368,766,33396,8274,SX127x_Transmit_Blocking
32996,586,778,34360,8638,SX127x_Transmit_FHSS
31970,370,769,33109,8155,SX127x_Transmit_Interrupt
24468,364,767,25599,63ff,SX128x_BLE_Modem
22784,350,767,23901,5d5d,SX128x_Channel_Activity_Detection_Blocking
23014,350,768,24132,5e44,SX128x_Channel_Activity_Detection_Interrupt
24558,372,767,25697,6461,SX128x_FLRC_Modem
24172,368,767,25307,62db,SX128x_GFSK_Modem
24912,398,767,26077,65dd,SX128x_Ranging
25306,362,767,26435,6743,SX128x_Receive_Blocking
25402,362,768,26532,67a4,SX128x_Receive_Interrupt
24320,350,1121,25791,64bf,SX128x_Settings
23836,366,769,24971,618b,SX128x_Transmit_Blocking
23944,378,772,25094,6206,SX128x_Transmit_Interrupt
21842,334,752,22928,5990,Si443x_Receive_Blocking
21924,334,753,23011,59e3,Si443x_Receive_Interrupt
23286,338,1091,24715,608b,Si443x_Settings
22030,350,754,23134,5a5e,Si443x_Transmit_Blocking
22112,362,757,23231,5abf,Si443x_Transmit_Interrupt
31418,342,1280,33040,8110,Stream_Receive
32050,854,778,33682,8392,Stream_Transmit
16910,340,742,17992,4648,nRF24_Receive_Blocking
17002,340,743,18085,46a5,nRF24_Receive_Interrupt
17246,354,744,18344,47a8,nRF24_Transmit_Blocking
17322,368,747,18437,4805,nRF24_Transmit_Interrupt
