text,data,bss,dec,hex,filename
33636,104,1019,34759,87c7,AFSK_Imperial_March
33054,104,1019,34177,8581,AFSK_Tone
33180,104,1019,34303,85ff,AFSK_Tone_AM
38143,104,1054,39301,9985,APRS_MicE
39029,104,1054,40187,9cfb,APRS_Position
37620,104,1032,38756,9764,APRS_Position_LoRa
35345,104,1029,36478,8e7e,AX25_Frames
34690,104,1029,35823,8bef,AX25_Transmit
35552,104,1035,36691,8f53,AX25_Transmit_AFSK
36017,104,1042,37163,912b,BellModem_Transmit
22709,104,1003,23816,5d08,CC1101_Receive_Address
22583,104,1003,23690,5c8a,CC1101_Receive_Blocking
22675,104,1004,23783,5ce7,CC1101_Receive_Interrupt
22577,104,1347,24028,5ddc,CC1101_Settings
21390,104,1003,22497,57e1,CC1101_Transmit_Address
22370,104,1005,23479,5bb7,CC1101_Transmit_Blocking
22481,104,1008,23593,5c29,CC1101_Transmit_Interrupt
34032,150,1069,35251,89b3,FSK4_Transmit
34068,150,1075,35293,89dd,FSK4_Transmit_AFSK
36349,104,1035,37488,9270,Hellschreiber_Transmit
36473,104,1041,37618,92f2,Hellschreiber_Transmit_AFSK
27195,104,1041,28340,6eb4,LR11x0_Channel_Activity_Detection_Blocking
27431,104,1042,28577,6fa1,LR11x0_Channel_Activity_Detection_Interrupt
28502,104,1041,29647,73cf,LR11x0_GFSK_Modem
28031,104,1106,29241,7239,LR11x0_GNSS_Almanac_Update
29050,104,1056,30210,7602,LR11x0_GNSS_Autonomous_Position
28964,104,1045,30113,75a1,LR11x0_GNSS_Satellites
26972,104,1041,28117,6dd5,LR11x0_LR_FHSS_Modem
28792,104,1045,29941,74f5,LR11x0_PingPong
28583,104,1041,29728,7420,LR11x0_Receive_Blocking
28667,104,1042,29813,7475,LR11x0_Receive_Interrupt
28678,104,1043,29825,7481,LR11x0_Transmit_Blocking
28373,104,1046,29523,7353,LR11x0_Transmit_Interrupt
30315,104,1041,31460,7ae4,LR11x0_WiFi_Scan_Blocking
30439,104,1042,31585,7b61,LR11x0_WiFi_Scan_Interrupt
35324,104,1072,36500,8e94,Morse_Receive_AM
36548,104,1070,37722,935a,Morse_Transmit_AM
36410,104,1070,37584,92d0,Morse_Transmit_FM
36374,104,1064,37542,92a6,Morse_Transmit_SSB
38883,108,1052,40043,9c6b,Pager_Receive
38958,104,1050,40112,9cb0,Pager_Transmit
34763,104,1013,35880,8c28,PhysicalLayer_Interface
21883,104,1006,22993,59d1,RF69_Receive_AES
22133,104,1006,23243,5acb,RF69_Receive_Address
22187,104,1006,23297,5b01,RF69_Receive_Blocking
22261,104,1007,23372,5b4c,RF69_Receive_Interrupt
22543,104,1353,24000,5dc0,RF69_Settings
21016,104,1006,22126,566e,RF69_Transmit_AES
21276,104,1006,22386,5772,RF69_Transmit_Address
22020,104,1008,23132,5a5c,RF69_Transmit_Blocking
22135,104,1011,23250,5ad2,RF69_Transmit_Interrupt
36494,104,1043,37641,9309,RTTY_Transmit
36530,104,1049,37683,9333,RTTY_Transmit_AFSK
35186,1384,1105,37675,932b,SSTV_Transmit
35242,1384,1111,37737,9369,SSTV_Transmit_AFSK
21925,104,1007,23036,59fc,SX123x_Receive_Blocking
22036,104,1009,23149,5a6d,SX123x_Transmit_Blocking
37288,104,1069,38461,963d,SX126x_Channel_Activity_Detection_Blocking
37514,104,1070,38688,9720,SX126x_Channel_Activity_Detection_Interrupt
39462,104,1071,40637,9ebd,SX126x_Channel_Activity_Detection_Receive
38781,104,1069,39954,9c12,SX126x_FSK_Modem
38749,104,1071,39924,9bf4,SX126x_LR_FHSS_Transmit_Blocking
38402,104,1074,39580,9a9c,SX126x_LR_FHSS_Transmit_Interrupt
38925,104,1073,40102,9ca6,SX126x_PingPong
39026,104,1069,40199,9d07,SX126x_Receive_Blocking
39108,104,1070,40282,9d5a,SX126x_Receive_Interrupt
40175,104,1477,41756,a31c,SX126x_Settings
39671,104,1069,40844,9f8c,SX126x_Spectrum_Scan
40125,104,1069,41298,a152,SX126x_Spectrum_Scan_Frequency
38769,104,1071,39944,9c08,SX126x_Transmit_Blocking
38482,104,1074,39660,9aec,SX126x_Transmit_Interrupt
32648,104,1013,33765,83e5,SX127x_Channel_Activity_Detection_Blocking
32998,104,1015,34117,8545,SX127x_Channel_Activity_Detection_Interrupt
35058,104,1016,36178,8d52,SX127x_Channel_Activity_Detection_Receive
34945,104,1013,36062,8cde,SX127x_FSK_Modem
34385,104,1017,35506,8ab2,SX127x_PingPong
34604,104,1013,35721,8b89,SX127x_Receive_Blocking
32759,104,1013,33876,8454,SX127x_Receive_Direct
34278,104,1017,35399,8a47,SX127x_Receive_FHSS
34696,104,1014,35814,8be6,SX127x_Receive_Interrupt
37950,104,1367,39421,99fd,SX127x_Settings
34217,104,1015,35336,8a08,SX127x_Transmit_Blocking
34931,104,1027,36062,8cde,SX127x_Transmit_FHSS
33930,104,1018,35052,88ec,SX127x_Transmit_Interrupt
26122,104,1020,27246,6a6e,SX128x_BLE_Modem
24497,104,1020,25621,6415,SX128x_Channel_Activity_Detection_Blocking
24729,104,1021,25854,64fe,SX128x_Channel_Activity_Detection_Interrupt
26200,104,1020,27324,6abc,SX128x_FLRC_Modem
25809,104,1020,26933,6935,SX128x_GFSK_Modem
26033,104,1020,27157,6a15,SX128x_Ranging
26283,104,1020,27407,6b0f,SX128x_Receive_Blocking
26375,104,1021,27500,6b6c,SX128x_Receive_Interrupt
25949,104,1381,27434,6b2a,SX128x_Settings
25586,104,1022,26712,6858,SX128x_Transmit_Blocking
25703,104,1025,26832,68d0,SX128x_Transmit_Interrupt
23951,104,1001,25056,61e0,Si443x_Receive_Blocking
24041,104,1002,25147,623b,Si443x_Receive_Interrupt
24009,104,1343,25456,6370,Si443x_Settings
24182,104,1003,25289,62c9,Si443x_Transmit_Blocking
24277,104,1006,25387,632b,Si443x_Transmit_Interrupt
33318,104,1529,34951,8887,Stream_Receive
34267,104,1027,35398,8a46,Stream_Transmit
17610,104,990,18704,4910,nRF24_Receive_Blocking
17706,104,991,18801,4971,nRF24_Receive_Interrupt
17991,104,992,19087,4a8f,nRF24_Transmit_Blocking
18078,104,995,19177,4ae9,nRF24_Transmit_Interrupt
