text,data,bss,dec,hex,filename
39836,1960,1736,43532,aa0c,AFSK_Imperial_March
39628,1272,1736,42636,a68c,AFSK_Tone
39716,1272,1736,42724,a6e4,AFSK_Tone_AM
45168,1272,1792,48232,bc68,APRS_MicE
44832,1272,1792,47896,bb18,APRS_Position
44784,1272,1760,47816,bac8,APRS_Position_LoRa
41396,1272,1752,44420,ad84,AX25_Frames
41028,1272,1752,44052,ac14,AX25_Transmit
41532,1272,1760,44564,ae14,AX25_Transmit_AFSK
42276,1272,1768,45316,b104,BellModem_Transmit
32892,1272,1712,35876,8c24,CC1101_Receive_Address
32756,1272,1712,35740,8b9c,CC1101_Receive_Blocking
32820,1272,1712,35804,8bdc,CC1101_Receive_Interrupt
29828,1272,2072,33172,8194,CC1101_Settings
29316,1272,1712,32300,7e2c,CC1101_Transmit_Address
29852,1272,1712,32836,8044,CC1101_Transmit_Blocking
29980,1272,1720,32972,80cc,CC1101_Transmit_Interrupt
40244,1328,1792,43364,a964,FSK4_Transmit
40276,1328,1800,43404,a98c,FSK4_Transmit_AFSK
42540,1272,1768,45580,b20c,Hellschreiber_Transmit
42620,1272,1776,45668,b264,Hellschreiber_Transmit_AFSK
38228,1272,1752,41252,a124,LR11x0_Channel_Activity_Detection_Blocking
38396,1272,1760,41428,a1d4,LR11x0_Channel_Activity_Detection_Interrupt
39220,1272,1752,42244,a504,LR11x0_GFSK_Modem
40348,1272,1832,43452,a9bc,LR11x0_GNSS_Almanac_Update
40388,1272,1768,43428,a9a4,LR11x0_GNSS_Autonomous_Position
39684,1272,1760,42716,a6dc,LR11x0_GNSS_Satellites
37948,1272,1752,40972,a00c,LR11x0_LR_FHSS_Modem
39740,1272,1760,42772,a714,LR11x0_PingPong
39516,1272,1752,42540,a62c,LR11x0_Receive_Blocking
39580,1272,1760,42612,a674,LR11x0_Receive_Interrupt
39596,1272,1760,42628,a684,LR11x0_Transmit_Blocking
39052,1272,1768,42092,a46c,LR11x0_Transmit_Interrupt
40740,1272,1752,43764,aaf4,LR11x0_WiFi_Scan_Blocking
40804,1272,1760,43836,ab3c,LR11x0_WiFi_Scan_Interrupt
58292,1272,3624,63188,f6d4,LoRaWAN_ABP
61964,1272,3712,66948,10584,LoRaWAN_Class_C
62060,1272,3720,67052,105ec,LoRaWAN_Multicast
60476,1272,3640,65388,ff6c,LoRaWAN_Reference
58236,1272,3640,63148,f6ac,LoRaWAN_Starter
61336,1280,4168,66784,104e0,LoRaWAN_TS_Packages
41056,1280,1808,44144,ac70,Morse_Receive_AM
42704,1280,1800,45784,b2d8,Morse_Transmit_AM
42608,1280,1800,45688,b278,Morse_Transmit_FM
42576,1280,1792,45648,b250,Morse_Transmit_SSB
42244,1280,1784,45308,b0fc,Pager_Receive
42108,1272,1784,45164,b06c,Pager_Transmit
41260,1280,1728,44268,acec,PhysicalLayer_Interface
31268,1272,1712,34252,85cc,RF69_Receive_AES
31460,1272,1712,34444,868c,RF69_Receive_Address
32124,1272,1712,35108,8924,RF69_Receive_Blocking
32188,1272,1720,35180,896c,RF69_Receive_Interrupt
31628,1272,2080,34980,88a4,RF69_Settings
30676,1272,1712,33660,837c,RF69_Transmit_AES
30892,1272,1712,33876,8454,RF69_Transmit_Address
31244,1272,1720,34236,85bc,RF69_Transmit_Blocking
31380,1272,1728,34380,864c,RF69_Transmit_Interrupt
42492,1272,1776,45540,b1e4,RTTY_Transmit
42524,1272,1784,45580,b20c,RTTY_Transmit_AFSK
41116,2552,1864,45532,b1dc,SSTV_Transmit
41164,2552,1872,45588,b214,SSTV_Transmit_AFSK
31380,1272,1720,34372,8644,SX123x_Receive_Blocking
31452,1272,1720,34444,868c,SX123x_Transmit_Blocking
41756,1272,1800,44828,af1c,SX126x_Channel_Activity_Detection_Blocking
41924,1272,1800,44996,afc4,SX126x_Channel_Activity_Detection_Interrupt
43652,1272,1800,46724,b684,SX126x_Channel_Activity_Detection_Receive
42908,1272,1800,45980,b39c,SX126x_FSK_Modem
43084,1272,1800,46156,b44c,SX126x_LR_FHSS_Transmit_Blocking
42588,1272,1808,45668,b264,SX126x_LR_FHSS_Transmit_Interrupt
43268,1272,1808,46348,b50c,SX126x_PingPong
43324,1272,1800,46396,b53c,SX126x_Receive_Blocking
43396,1272,1800,46468,b584,SX126x_Receive_Interrupt
43668,1272,2248,47188,b854,SX126x_Settings
43876,1272,1800,46948,b764,SX126x_Spectrum_Scan
44580,1272,1800,47652,ba24,SX126x_Spectrum_Scan_Frequency
43100,1272,1800,46172,b45c,SX126x_Transmit_Blocking
42572,1272,1808,45652,b254,SX126x_Transmit_Interrupt
39412,1272,1728,42412,a5ac,SX127x_Channel_Activity_Detection_Blocking
39588,1272,1736,42596,a664,SX127x_Channel_Activity_Detection_Interrupt
41492,1272,1736,44500,add4,SX127x_Channel_Activity_Detection_Receive
41124,1272,1728,44124,ac5c,SX127x_FSK_Modem
40956,1272,1736,43964,abbc,SX127x_PingPong
41132,1272,1728,44132,ac64,SX127x_Receive_Blocking
39580,1272,1728,42580,a654,SX127x_Receive_Direct
40556,1304,1736,43596,aa4c,SX127x_Receive_FHSS
41228,1272,1736,44236,accc,SX127x_Receive_Interrupt
43444,1272,2112,46828,b6ec,SX127x_Settings
40788,1272,1736,43796,ab14,SX127x_Transmit_Blocking
40972,1304,1760,44036,ac04,SX127x_Transmit_FHSS
40260,1272,1744,43276,a90c,SX127x_Transmit_Interrupt
34748,1272,1736,37756,937c,SX128x_BLE_Modem
33436,1272,1736,36444,8e5c,SX128x_Channel_Activity_Detection_Blocking
33604,1272,1736,36612,8f04,SX128x_Channel_Activity_Detection_Interrupt
34740,1272,1736,37748,9374,SX128x_FLRC_Modem
34452,1272,1736,37460,9254,SX128x_GFSK_Modem
35332,1272,1736,38340,95c4,SX128x_Ranging
35340,1272,1736,38348,95cc,SX128x_Receive_Blocking
35412,1272,1736,38420,9614,SX128x_Receive_Interrupt
34348,1272,2120,37740,936c,SX128x_Settings
34116,1272,1736,37124,9104,SX128x_Transmit_Blocking
34244,1272,1744,37260,918c,SX128x_Transmit_Interrupt
32292,1272,1704,35268,89c4,Si443x_Receive_Blocking
32364,1272,1712,35348,8a14,Si443x_Receive_Interrupt
32460,1272,2064,35796,8bd4,Si443x_Settings
32412,1272,1712,35396,8a44,Si443x_Transmit_Blocking
32524,1272,1720,35516,8abc,Si443x_Transmit_Interrupt
39692,1272,2248,43212,a8cc,Stream_Receive
40548,1272,1760,43580,aa3c,Stream_Transmit
26276,1272,1696,29244,723c,nRF24_Receive_Blocking
26348,1272,1696,29316,7284,nRF24_Receive_Interrupt
26388,1272,1696,29356,72ac,nRF24_Transmit_Blocking
26476,1272,1704,29452,730c,nRF24_Transmit_Interrupt
