text,data,bss,dec,hex,filename
32460,94,904,33458,82b2,AFSK_Imperial_March
31880,94,904,32878,806e,AFSK_Tone
32010,94,904,33008,80f0,AFSK_Tone_AM
36947,94,939,37980,945c,APRS_MicE
37831,94,939,38864,97d0,APRS_Position
36440,94,917,37451,924b,APRS_Position_LoRa
34145,94,914,35153,8951,AX25_Frames
33492,94,914,34500,86c4,AX25_Transmit
34336,94,920,35350,8a16,AX25_Transmit_AFSK
34759,94,927,35780,8bc4,BellModem_Transmit
21553,94,884,22531,5803,CC1101_Receive_Address
21435,94,884,22413,578d,CC1101_Receive_Blocking
21517,94,885,22496,57e0,CC1101_Receive_Interrupt
21697,94,1228,23019,59eb,CC1101_Settings
20246,94,884,21224,52e8,CC1101_Transmit_Address
21124,94,886,22104,5658,CC1101_Transmit_Blocking
21233,94,889,22216,56c8,CC1101_Transmit_Interrupt
32804,140,954,33898,846a,FSK4_Transmit
32840,140,960,33940,8494,FSK4_Transmit_AFSK
35099,94,920,36113,8d11,Hellschreiber_Transmit
35217,94,926,36237,8d8d,Hellschreiber_Transmit_AFSK
26855,94,922,27871,6cdf,LR11x0_Channel_Activity_Detection_Blocking
27071,94,923,28088,6db8,LR11x0_Channel_Activity_Detection_Interrupt
28240,94,922,29256,7248,LR11x0_GFSK_Modem
27695,94,987,28776,7068,LR11x0_GNSS_Almanac_Update
28720,94,937,29751,7437,LR11x0_GNSS_Autonomous_Position
28612,94,926,29632,73c0,LR11x0_GNSS_Satellites
26622,94,922,27638,6bf6,LR11x0_LR_FHSS_Modem
28500,94,926,29520,7350,LR11x0_PingPong
28329,94,922,29345,72a1,LR11x0_Receive_Blocking
28417,94,923,29434,72fa,LR11x0_Receive_Interrupt
28248,94,924,29266,7252,LR11x0_Transmit_Blocking
27989,94,927,29010,7152,LR11x0_Transmit_Interrupt
30179,94,922,31195,79db,LR11x0_WiFi_Scan_Blocking
30283,94,923,31300,7a44,LR11x0_WiFi_Scan_Interrupt
34092,94,957,35143,8947,Morse_Receive_AM
35286,94,955,36335,8def,Morse_Transmit_AM
35150,94,955,36199,8d67,Morse_Transmit_FM
35114,94,949,36157,8d3d,Morse_Transmit_SSB
37761,98,937,38796,978c,Pager_Receive
37722,94,935,38751,975f,Pager_Transmit
33579,94,898,34571,870b,PhysicalLayer_Interface
20559,94,887,21540,5424,RF69_Receive_AES
20807,94,887,21788,551c,RF69_Receive_Address
20827,94,887,21808,5530,RF69_Receive_Blocking
20889,94,888,21871,556f,RF69_Receive_Interrupt
21511,94,1234,22839,5937,RF69_Settings
19626,94,887,20607,507f,RF69_Transmit_AES
19874,94,887,20855,5177,RF69_Transmit_Address
20558,94,889,21541,5425,RF69_Transmit_Blocking
20673,94,892,21659,549b,RF69_Transmit_Interrupt
35198,94,928,36220,8d7c,RTTY_Transmit
35234,94,934,36262,8da6,RTTY_Transmit_AFSK
33936,1374,990,36300,8dcc,SSTV_Transmit
33990,1374,996,36360,8e08,SSTV_Transmit_AFSK
20583,94,888,21565,543d,SX123x_Receive_Blocking
20560,94,890,21544,5428,SX123x_Transmit_Blocking
37300,94,950,38344,95c8,SX126x_Channel_Activity_Detection_Blocking
37516,94,951,38561,96a1,SX126x_Channel_Activity_Detection_Interrupt
39516,94,952,40562,9e72,SX126x_Channel_Activity_Detection_Receive
38869,94,950,39913,9be9,SX126x_FSK_Modem
38675,94,952,39721,9b29,SX126x_LR_FHSS_Transmit_Blocking
38340,94,955,39389,99dd,SX126x_LR_FHSS_Transmit_Interrupt
38983,94,954,40031,9c5f,SX126x_PingPong
39072,94,950,40116,9cb4,SX126x_Receive_Blocking
39150,94,951,40195,9d03,SX126x_Receive_Interrupt
41051,94,1358,42503,a607,SX126x_Settings
39667,94,950,40711,9f07,SX126x_Spectrum_Scan
40097,94,950,41141,a0b5,SX126x_Spectrum_Scan_Frequency
38693,94,952,39739,9b3b,SX126x_Transmit_Blocking
38438,94,955,39487,9a3f,SX126x_Transmit_Interrupt
31486,94,898,32478,7ede,SX127x_Channel_Activity_Detection_Blocking
31824,94,900,32818,8032,SX127x_Channel_Activity_Detection_Interrupt
33906,94,901,34901,8855,SX127x_Channel_Activity_Detection_Receive
33803,94,898,34795,87eb,SX127x_FSK_Modem
33255,94,902,34251,85cb,SX127x_PingPong
33454,94,898,34446,868e,SX127x_Receive_Blocking
31599,94,898,32591,7f4f,SX127x_Receive_Direct
33164,94,902,34160,8570,SX127x_Receive_FHSS
33542,94,899,34535,86e7,SX127x_Receive_Interrupt
36924,94,1256,38274,9582,SX127x_Settings
32949,94,900,33943,8497,SX127x_Transmit_Blocking
33781,94,912,34787,87e3,SX127x_Transmit_FHSS
32698,94,903,33695,839f,SX127x_Transmit_Interrupt
25434,94,905,26433,6741,SX128x_BLE_Modem
23743,94,905,24742,60a6,SX128x_Channel_Activity_Detection_Blocking
23963,94,906,24963,6183,SX128x_Channel_Activity_Detection_Interrupt
25504,94,905,26503,6787,SX128x_FLRC_Modem
25115,94,905,26114,6602,SX128x_GFSK_Modem
25229,94,905,26228,6674,SX128x_Ranging
25551,94,905,26550,67b6,SX128x_Receive_Blocking
25637,94,906,26637,680d,SX128x_Receive_Interrupt
25295,94,1270,26659,6823,SX128x_Settings
24758,94,907,25759,649f,SX128x_Transmit_Blocking
24877,94,910,25881,6519,SX128x_Transmit_Interrupt
22647,94,882,23623,5c47,Si443x_Receive_Blocking
22721,94,883,23698,5c92,Si443x_Receive_Interrupt
22997,94,1224,24315,5efb,Si443x_Settings
22740,94,884,23718,5ca6,Si443x_Transmit_Blocking
22837,94,887,23818,5d0a,Si443x_Transmit_Interrupt
32144,94,1414,33652,8374,Stream_Receive
33069,94,912,34075,851b,Stream_Transmit
16374,94,871,17339,43bb,nRF24_Receive_Blocking
16458,94,872,17424,4410,nRF24_Receive_Interrupt
16609,94,873,17576,44a8,nRF24_Transmit_Blocking
16694,94,876,17664,4500,nRF24_Transmit_Interrupt
