text,data,bss,dec,hex,filename
43320,864,3676,47860,baf4,AFSK_Imperial_March
43188,176,3676,47040,b7c0,AFSK_Tone
43280,176,3676,47132,b81c,AFSK_Tone_AM
55612,544,3732,59888,e9f0,APRS_MicE
55324,544,3732,59600,e8d0,APRS_Position
55268,544,3700,59512,e878,APRS_Position_LoRa
44972,176,3692,48840,bec8,AX25_Frames
44600,176,3692,48468,bd54,AX25_Transmit
45092,176,3700,48968,bf48,AX25_Transmit_AFSK
45868,176,3708,49752,c258,BellModem_Transmit
35800,176,3652,39628,9acc,CC1101_Receive_Address
35656,176,3652,39484,9a3c,CC1101_Receive_Blocking
35732,176,3652,39560,9a88,CC1101_Receive_Interrupt
28628,176,4012,32816,8030,CC1101_Settings
28120,176,3652,31948,7ccc,CC1101_Transmit_Address
28656,176,3652,32484,7ee4,CC1101_Transmit_Blocking
28808,176,3660,32644,7f84,CC1101_Transmit_Interrupt
43768,224,3732,47724,ba6c,FSK4_Transmit
43796,224,3740,47760,ba90,FSK4_Transmit_AFSK
46160,176,3708,50044,c37c,Hellschreiber_Transmit
46244,176,3716,50136,c3d8,Hellschreiber_Transmit_AFSK
38832,176,3692,42700,a6cc,LR11x0_Channel_Activity_Detection_Blocking
39004,176,3700,42880,a780,LR11x0_Channel_Activity_Detection_Interrupt
39808,176,3692,43676,aa9c,LR11x0_GFSK_Modem
40800,176,3772,44748,aecc,LR11x0_GNSS_Almanac_Update
43956,176,3708,47840,bae0,LR11x0_GNSS_Autonomous_Position
40288,176,3700,44164,ac84,LR11x0_GNSS_Satellites
38536,176,3692,42404,a5a4,LR11x0_LR_FHSS_Modem
43296,176,3708,47180,b84c,LR11x0_PingPong
43056,176,3692,46924,b74c,LR11x0_Receive_Blocking
43120,176,3700,46996,b794,LR11x0_Receive_Interrupt
43180,176,3700,47056,b7d0,LR11x0_Transmit_Blocking
39688,176,3708,43572,aa34,LR11x0_Transmit_Interrupt
44200,176,3692,48068,bbc4,LR11x0_WiFi_Scan_Blocking
44264,176,3700,48140,bc0c,LR11x0_WiFi_Scan_Interrupt
62492,176,5572,68240,10a90,LoRaWAN_ABP
66764,176,5652,72592,11b90,LoRaWAN_Class_C
66868,176,5660,72704,11c00,LoRaWAN_Multicast
64688,176,5580,70444,1132c,LoRaWAN_Reference
62456,176,5580,68212,10a74,LoRaWAN_Starter
72444,544,6100,79088,134f0,LoRaWAN_TS_Packages
44680,544,3748,48972,bf4c,Morse_Receive_AM
46416,544,3740,50700,c60c,Morse_Transmit_AM
46324,544,3740,50608,c5b0,Morse_Transmit_FM
46296,544,3732,50572,c58c,Morse_Transmit_SSB
45788,176,3724,49688,c218,Pager_Receive
45660,176,3724,49560,c198,Pager_Transmit
44636,176,3668,48480,bd60,PhysicalLayer_Interface
28560,176,3652,32388,7e84,RF69_Receive_AES
28784,176,3652,32612,7f64,RF69_Receive_Address
34936,176,3652,38764,976c,RF69_Receive_Blocking
35016,176,3660,38852,97c4,RF69_Receive_Interrupt
28968,176,4020,33164,818c,RF69_Settings
28004,176,3652,31832,7c58,RF69_Transmit_AES
28232,176,3652,32060,7d3c,RF69_Transmit_Address
28608,176,3660,32444,7ebc,RF69_Transmit_Blocking
28756,176,3668,32600,7f58,RF69_Transmit_Interrupt
46064,176,3716,49956,c324,RTTY_Transmit
46088,176,3724,49988,c344,RTTY_Transmit_AFSK
44648,1456,3804,49908,c2f4,SSTV_Transmit
44692,1456,3812,49960,c328,SSTV_Transmit_AFSK
28688,176,3660,32524,7f0c,SX123x_Receive_Blocking
28812,176,3660,32648,7f88,SX123x_Transmit_Blocking
39968,176,3740,43884,ab6c,SX126x_Channel_Activity_Detection_Blocking
40140,176,3740,44056,ac18,SX126x_Channel_Activity_Detection_Interrupt
47696,176,3740,51612,c99c,SX126x_Channel_Activity_Detection_Receive
41088,176,3740,45004,afcc,SX126x_FSK_Modem
47180,176,3740,51096,c798,SX126x_LR_FHSS_Transmit_Blocking
40832,176,3748,44756,aed4,SX126x_LR_FHSS_Transmit_Interrupt
47324,176,3748,51248,c830,SX126x_PingPong
47348,176,3740,51264,c840,SX126x_Receive_Blocking
47420,176,3740,51336,c888,SX126x_Receive_Interrupt
41976,176,4188,46340,b504,SX126x_Settings
42144,176,3740,46060,b3ec,SX126x_Spectrum_Scan
48660,176,3740,52576,cd60,SX126x_Spectrum_Scan_Frequency
47200,176,3740,51116,c7ac,SX126x_Transmit_Blocking
40828,176,3748,44752,aed0,SX126x_Transmit_Interrupt
42964,176,3668,46808,b6d8,SX127x_Channel_Activity_Detection_Blocking
43140,176,3676,46992,b790,SX127x_Channel_Activity_Detection_Interrupt
44920,176,3676,48772,be84,SX127x_Channel_Activity_Detection_Receive
44656,176,3668,48500,bd74,SX127x_FSK_Modem
44388,176,3684,48248,bc78,SX127x_PingPong
44532,176,3668,48376,bcf8,SX127x_Receive_Blocking
43168,176,3668,47012,b7a4,SX127x_Receive_Direct
44076,208,3684,47968,bb60,SX127x_Receive_FHSS
44632,176,3676,48484,bd64,SX127x_Receive_Interrupt
47040,176,4052,51268,c844,SX127x_Settings
44264,176,3676,48116,bbf4,SX127x_Transmit_Blocking
44600,208,3700,48508,bd7c,SX127x_Transmit_FHSS
43852,176,3684,47712,ba60,SX127x_Transmit_Interrupt
32372,176,3676,36224,8d80,SX128x_BLE_Modem
31092,176,3676,34944,8880,SX128x_Channel_Activity_Detection_Blocking
31268,176,3676,35120,8930,SX128x_Channel_Activity_Detection_Interrupt
32404,176,3676,36256,8da0,SX128x_FLRC_Modem
32092,176,3676,35944,8c68,SX128x_GFSK_Modem
38464,176,3676,42316,a54c,SX128x_Ranging
38476,176,3676,42328,a558,SX128x_Receive_Blocking
38560,176,3676,42412,a5ac,SX128x_Receive_Interrupt
32052,176,4060,36288,8dc0,SX128x_Settings
31804,176,3676,35656,8b48,SX128x_Transmit_Blocking
31956,176,3684,35816,8be8,SX128x_Transmit_Interrupt
30400,176,3644,34220,85ac,Si443x_Receive_Blocking
30480,176,3652,34308,8604,Si443x_Receive_Interrupt
30592,176,4004,34772,87d4,Si443x_Settings
30572,176,3652,34400,8660,Si443x_Transmit_Blocking
30700,176,3660,34536,86e8,Si443x_Transmit_Interrupt
43260,176,4196,47632,ba10,Stream_Receive
44132,176,3700,48008,bb88,Stream_Transmit
22516,176,3636,26328,66d8,nRF24_Receive_Blocking
22600,176,3636,26412,672c,nRF24_Receive_Interrupt
22684,176,3636,26496,6780,nRF24_Transmit_Blocking
22776,176,3644,26596,67e4,nRF24_Transmit_Interrupt
