text,data,bss,dec,hex,filename
35160,872,787,36819,8fd3,AFSK_Imperial_March
34968,528,787,36283,8dbb,AFSK_Tone
35100,528,787,36415,8e3f,AFSK_Tone_AM
42478,592,822,43892,ab74,APRS_MicE
41944,684,822,43450,a9ba,APRS_Position
41752,652,800,43204,a8c4,APRS_Position_LoRa
37710,588,797,39095,98b7,AX25_Frames
37270,552,797,38619,96db,AX25_Transmit
38286,580,803,39669,9af5,AX25_Transmit_AFSK
39444,608,810,40862,9f9e,BellModem_Transmit
25056,482,771,26309,66c5,CC1101_Receive_Address
24864,482,771,26117,6605,CC1101_Receive_Blocking
24964,482,772,26218,666a,CC1101_Receive_Interrupt
23734,470,1115,25319,62e7,CC1101_Settings
23116,484,771,24371,5f33,CC1101_Transmit_Address
24202,486,773,25461,6375,CC1101_Transmit_Blocking
24324,498,776,25598,63fe,CC1101_Transmit_Interrupt
36246,576,837,37659,931b,FSK4_Transmit
36288,576,843,37707,934b,FSK4_Transmit_AFSK
39652,584,803,41039,a04f,Hellschreiber_Transmit
39732,600,809,41141,a0b5,Hellschreiber_Transmit_AFSK
32918,738,809,34465,86a1,LR11x0_Channel_Activity_Detection_Blocking
33200,738,810,34748,87bc,LR11x0_Channel_Activity_Detection_Interrupt
34832,572,809,36213,8d75,LR11x0_GFSK_Modem
36186,738,874,37798,93a6,LR11x0_GNSS_Almanac_Update
36016,756,824,37596,92dc,LR11x0_GNSS_Autonomous_Position
35336,748,813,36897,9021,LR11x0_GNSS_Satellites
32606,568,809,33983,84bf,LR11x0_LR_FHSS_Modem
35086,764,813,36663,8f37,LR11x0_PingPong
34836,750,809,36395,8e2b,LR11x0_Receive_Blocking
34928,750,810,36488,8e88,LR11x0_Receive_Interrupt
34852,766,811,36429,8e4d,LR11x0_Transmit_Blocking
34346,766,814,35926,8c56,LR11x0_Transmit_Interrupt
37090,772,809,38671,970f,LR11x0_WiFi_Scan_Blocking
37146,772,810,38728,9748,LR11x0_WiFi_Scan_Interrupt
65156,1920,2114,69190,10e46,LoRaWAN_ABP
71400,2188,2182,75770,127fa,LoRaWAN_Class_C
71680,2186,2188,76054,12916,LoRaWAN_Multicast
68060,1952,2124,72136,119c8,LoRaWAN_Reference
65180,1920,2124,69224,10e68,LoRaWAN_Starter
69792,1248,2639,73679,11fcf,LoRaWAN_TS_Packages
37324,538,840,38702,972e,Morse_Receive_AM
39744,578,838,41160,a0c8,Morse_Transmit_AM
39610,578,838,41026,a042,Morse_Transmit_FM
39568,578,832,40978,a012,Morse_Transmit_SSB
41574,538,820,42932,a7b4,Pager_Receive
41396,558,820,42774,a716,Pager_Transmit
37384,554,781,38719,973f,PhysicalLayer_Interface
23432,414,774,24620,602c,RF69_Receive_AES
23744,398,774,24916,6154,RF69_Receive_Address
23832,410,774,25016,61b8,RF69_Receive_Blocking
23930,410,775,25115,621b,RF69_Receive_Interrupt
23412,406,1121,24939,616b,RF69_Settings
22162,428,774,23364,5b44,RF69_Transmit_AES
22476,412,774,23662,5c6e,RF69_Transmit_Address
23294,414,776,24484,5fa4,RF69_Transmit_Blocking
23414,426,779,24619,602b,RF69_Transmit_Interrupt
39926,576,811,41313,a161,RTTY_Transmit
39968,576,817,41361,a191,RTTY_Transmit_AFSK
37204,1888,873,39965,9c1d,SSTV_Transmit
37252,1888,879,40019,9c53,SSTV_Transmit_AFSK
23082,508,775,24365,5f2d,SX123x_Receive_Blocking
23054,524,777,24355,5f23,SX123x_Transmit_Blocking
39064,770,835,40669,9edd,SX126x_Channel_Activity_Detection_Blocking
39346,770,836,40952,9ff8,SX126x_Channel_Activity_Detection_Interrupt
41906,782,837,43525,aa05,SX126x_Channel_Activity_Detection_Receive
41024,792,835,42651,a69b,SX126x_FSK_Modem
40962,798,837,42597,a665,SX126x_LR_FHSS_Transmit_Blocking
40484,798,840,42122,a48a,SX126x_LR_FHSS_Transmit_Interrupt
41232,796,839,42867,a773,SX126x_PingPong
41392,782,835,43009,a801,SX126x_Receive_Blocking
41484,782,836,43102,a85e,SX126x_Receive_Interrupt
41534,896,1243,43673,aa99,SX126x_Settings
41838,782,835,43455,a9bf,SX126x_Spectrum_Scan
42450,800,835,44085,ac35,SX126x_Spectrum_Scan_Frequency
40990,798,837,42625,a681,SX126x_Transmit_Blocking
40492,798,840,42130,a492,SX126x_Transmit_Interrupt
34486,528,781,35795,8bd3,SX127x_Channel_Activity_Detection_Blocking
34790,528,783,36101,8d05,SX127x_Channel_Activity_Detection_Interrupt
37606,540,784,38930,9812,SX127x_Channel_Activity_Detection_Receive
37130,548,781,38459,963b,SX127x_FSK_Modem
36714,552,785,38051,94a3,SX127x_PingPong
37114,540,781,38435,9623,SX127x_Receive_Blocking
34792,568,781,36141,8d2d,SX127x_Receive_Direct
36514,554,785,37853,93dd,SX127x_Receive_FHSS
37220,540,782,38542,968e,SX127x_Receive_Interrupt
39708,646,1135,41489,a211,SX127x_Settings
36466,554,783,37803,93ab,SX127x_Transmit_Blocking
36738,774,795,38307,95a3,SX127x_Transmit_FHSS
35966,556,786,37308,91bc,SX127x_Transmit_Interrupt
27654,648,788,29090,71a2,SX128x_BLE_Modem
25242,634,788,26664,6828,SX128x_Channel_Activity_Detection_Blocking
25524,634,789,26947,6943,SX128x_Channel_Activity_Detection_Interrupt
27524,652,788,28964,7124,SX128x_FLRC_Modem
26980,652,788,28420,6f04,SX128x_GFSK_Modem
27248,682,788,28718,702e,SX128x_Ranging
27572,646,788,29006,714e,SX128x_Receive_Blocking
27672,646,789,29107,71b3,SX128x_Receive_Interrupt
26370,634,1149,28153,6df9,SX128x_Settings
26548,650,790,27988,6d54,SX128x_Transmit_Blocking
26670,662,793,28125,6ddd,SX128x_Transmit_Interrupt
25134,508,769,26411,672b,Si443x_Receive_Blocking
25232,508,770,26510,678e,Si443x_Receive_Interrupt
24794,512,1111,26417,6731,Si443x_Settings
25186,524,771,26481,6771,Si443x_Transmit_Blocking
25284,536,774,26594,67e2,Si443x_Transmit_Interrupt
34974,528,1297,36799,8fbf,Stream_Receive
35654,1040,795,37489,9271,Stream_Transmit
18906,404,758,20068,4e64,nRF24_Receive_Blocking
19002,404,759,20165,4ec5,nRF24_Receive_Interrupt
18962,418,760,20140,4eac,nRF24_Transmit_Blocking
19032,432,763,20227,4f03,nRF24_Transmit_Interrupt
