text,data,bss,dec,hex,filename
930016,4612,257092,1191720,122f28,AFSK_Imperial_March
929888,3924,257780,1191592,122ea8,AFSK_Tone
929976,3924,257780,1191680,122f00,AFSK_Tone_AM
933440,3924,257780,1195144,123c88,APRS_MicE
933288,3924,257780,1194992,123bf0,APRS_Position
933136,3924,257780,1194840,123b58,APRS_Position_LoRa
931672,3924,257780,1193376,1235a0,AX25_Frames
931288,3924,257780,1192992,123420,AX25_Transmit
931800,3924,257780,1193504,123620,AX25_Transmit_AFSK
932352,3924,257780,1194056,123848,BellModem_Transmit
923000,3924,257780,1184704,1213c0,CC1101_Receive_Address
922880,3924,257780,1184584,121348,CC1101_Receive_Blocking
922912,3924,257780,1184616,121368,CC1101_Receive_Interrupt
922584,3924,257780,1184288,121220,CC1101_Settings
922072,3924,257780,1183776,121020,CC1101_Transmit_Address
922488,3924,257780,1184192,1211c0,CC1101_Transmit_Blocking
922648,3924,257780,1184352,121260,CC1101_Transmit_Interrupt
930376,3972,257732,1192080,123090,FSK4_Transmit
930408,3972,257732,1192112,1230b0,FSK4_Transmit_AFSK
932616,3924,257780,1194320,123950,Hellschreiber_Transmit
932696,3924,257780,1194400,1239a0,Hellschreiber_Transmit_AFSK
927920,3924,257780,1189624,1226f8,LR11x0_Channel_Activity_Detection_Blocking
928088,3924,257780,1189792,1227a0,LR11x0_Channel_Activity_Detection_Interrupt
1173632,3924,257780,1435336,15e6c8,LR11x0_Firmware_Update
928776,3924,257780,1190480,122a50,LR11x0_GFSK_Modem
929800,3924,257780,1191504,122e50,LR11x0_GNSS_Almanac_Update
929840,3924,257780,1191544,122e78,LR11x0_GNSS_Autonomous_Position
929344,3924,257780,1191048,122c88,LR11x0_GNSS_Satellites
927632,3924,257780,1189336,1225d8,LR11x0_LR_FHSS_Modem
929096,3924,257780,1190800,122b90,LR11x0_PingPong
928872,3924,257780,1190576,122ab0,LR11x0_Receive_Blocking
928936,3924,257780,1190640,122af0,LR11x0_Receive_Interrupt
928992,3924,257780,1190696,122b28,LR11x0_Transmit_Blocking
928640,3924,257780,1190344,1229c8,LR11x0_Transmit_Interrupt
929928,3924,257780,1191632,122ed0,LR11x0_WiFi_Scan_Blocking
930008,3924,257780,1191712,122f20,LR11x0_WiFi_Scan_Interrupt
948024,3924,257780,1209728,127580,LoRaWAN_ABP
950736,3924,257780,1212440,128018,LoRaWAN_Class_C
950840,3924,257780,1212544,128080,LoRaWAN_Multicast
949968,3924,257780,1211672,127d18,LoRaWAN_Reference
947936,3924,257780,1209640,127528,LoRaWAN_Starter
949288,3928,257776,1210992,127a70,LoRaWAN_TS_Packages
930992,3924,257780,1192696,1232f8,Morse_Receive_AM
932512,3924,257780,1194216,1238e8,Morse_Transmit_AM
932416,3924,257780,1194120,123888,Morse_Transmit_FM
932384,3924,257780,1194088,123868,Morse_Transmit_SSB
932200,3928,257776,1193904,1237b0,Pager_Receive
932224,3924,257780,1193928,1237c8,Pager_Transmit
931152,3928,257776,1192856,123398,PhysicalLayer_Interface
921912,3924,257780,1183616,120f80,RF69_Receive_AES
922088,3924,257780,1183792,121030,RF69_Receive_Address
922240,3924,257780,1183944,1210c8,RF69_Receive_Blocking
922304,3924,257780,1184008,121108,RF69_Receive_Interrupt
922416,3924,257780,1184120,121178,RF69_Settings
921464,3924,257780,1183168,120dc0,RF69_Transmit_AES
921680,3924,257780,1183384,120e98,RF69_Transmit_Address
921936,3924,257780,1183640,120f98,RF69_Transmit_Blocking
922088,3924,257780,1183792,121030,RF69_Transmit_Interrupt
932480,3924,257780,1194184,1238c8,RTTY_Transmit
932480,3924,257780,1194184,1238c8,RTTY_Transmit_AFSK
931424,5204,256500,1193128,1234a8,SSTV_Transmit
931456,5204,256500,1193160,1234c8,SSTV_Transmit_AFSK
922008,3924,257780,1183712,120fe0,SX123x_Receive_Blocking
922144,3924,257780,1183848,121068,SX123x_Transmit_Blocking
931224,3924,257780,1192928,1233e0,SX126x_Channel_Activity_Detection_Blocking
931424,3924,257780,1193128,1234a8,SX126x_Channel_Activity_Detection_Interrupt
932848,3924,257780,1194552,123a38,SX126x_Channel_Activity_Detection_Receive
932240,3924,257780,1193944,1237d8,SX126x_FSK_Modem
932296,3924,257780,1194000,123810,SX126x_LR_FHSS_Transmit_Blocking
931968,3924,257780,1193672,1236c8,SX126x_LR_FHSS_Transmit_Interrupt
932424,3924,257780,1194128,123890,SX126x_PingPong
932488,3924,257780,1194192,1238d0,SX126x_Receive_Blocking
932552,3924,257780,1194256,123910,SX126x_Receive_Interrupt
933176,3924,257780,1194880,123b80,SX126x_Settings
933344,3924,257780,1195048,123c28,SX126x_Spectrum_Scan
933864,3924,257780,1195568,123e30,SX126x_Spectrum_Scan_Frequency
932328,3924,257780,1194032,123830,SX126x_Transmit_Blocking
931968,3924,257780,1193672,1236c8,SX126x_Transmit_Interrupt
929688,3924,257780,1191392,122de0,SX127x_Channel_Activity_Detection_Blocking
929832,3924,257780,1191536,122e70,SX127x_Channel_Activity_Detection_Interrupt
931432,3924,257780,1193136,1234b0,SX127x_Channel_Activity_Detection_Receive
931232,3924,257780,1192936,1233e8,SX127x_FSK_Modem
930888,3924,257780,1192592,123290,SX127x_PingPong
931080,3924,257780,1192784,123350,SX127x_Receive_Blocking
929808,3924,257780,1191512,122e58,SX127x_Receive_Direct
930664,3952,257752,1192368,1231b0,SX127x_Receive_FHSS
931144,3924,257780,1192848,123390,SX127x_Receive_Interrupt
933696,3924,257780,1195400,123d88,SX127x_Settings
930792,3924,257780,1192496,123230,SX127x_Transmit_Blocking
931176,3952,257752,1192880,1233b0,SX127x_Transmit_FHSS
930432,3924,257780,1192136,1230c8,SX127x_Transmit_Interrupt
925120,3924,257780,1186824,121c08,SX128x_BLE_Modem
923920,3924,257780,1185624,121758,SX128x_Channel_Activity_Detection_Blocking
924120,3924,257780,1185824,121820,SX128x_Channel_Activity_Detection_Interrupt
925120,3924,257780,1186824,121c08,SX128x_FLRC_Modem
924808,3924,257780,1186512,121ad0,SX128x_GFSK_Modem
925288,3924,257780,1186992,121cb0,SX128x_Ranging
925184,3924,257780,1186888,121c48,SX128x_Receive_Blocking
925248,3924,257780,1186952,121c88,SX128x_Receive_Interrupt
924816,3924,257780,1186520,121ad8,SX128x_Settings
924504,3924,257780,1186208,1219a0,SX128x_Transmit_Blocking
924664,3924,257780,1186368,121a40,SX128x_Transmit_Interrupt
922776,3924,257780,1184480,1212e0,Si443x_Receive_Blocking
922840,3924,257780,1184544,121320,Si443x_Receive_Interrupt
923112,3924,257780,1184816,121430,Si443x_Settings
922984,3924,257780,1184688,1213b0,Si443x_Transmit_Blocking
923104,3924,257780,1184808,121428,Si443x_Transmit_Interrupt
929936,3924,257780,1191640,122ed8,Stream_Receive
930704,3924,257780,1192408,1231d8,Stream_Transmit
919472,3924,257780,1181176,1205f8,nRF24_Receive_Blocking
919528,3924,257780,1181232,120630,nRF24_Receive_Interrupt
919664,3924,257780,1181368,1206b8,nRF24_Transmit_Blocking
919736,3924,257780,1181440,120700,nRF24_Transmit_Interrupt
