text,data,bss,dec,hex,filename
222521,102608,6113,331242,50dea,AFSK_Imperial_March
222385,101904,6113,330402,50aa2,AFSK_Tone
222469,101964,6113,330546,50b32,AFSK_Tone_AM
226205,102080,6169,334454,51a76,APRS_MicE
225665,102336,6169,334170,5195a,APRS_Position
225813,102052,6137,334002,518b2,APRS_Position_LoRa
224221,102096,6129,332446,5129e,AX25_Frames
223805,101952,6129,331886,5106e,AX25_Transmit
224313,102000,6137,332450,512a2,AX25_Transmit_AFSK
225017,102236,6145,333398,51656,BellModem_Transmit
216529,101896,6081,324506,4f39a,CC1101_Receive_Address
216413,101864,6081,324358,4f306,CC1101_Receive_Blocking
216521,101864,6089,324474,4f37a,CC1101_Receive_Interrupt
215565,102152,6449,324166,4f246,CC1101_Settings
215357,101760,6081,323198,4ee7e,CC1101_Transmit_Address
215641,101756,6089,323486,4ef9e,CC1101_Transmit_Blocking
215733,101828,6097,323658,4f04a,CC1101_Transmit_Interrupt
222969,101968,6161,331098,50d5a,FSK4_Transmit
223001,101968,6169,331138,50d82,FSK4_Transmit_AFSK
224965,102536,6137,333638,51746,Hellschreiber_Transmit
225053,102552,6145,333750,517b6,Hellschreiber_Transmit_AFSK
221301,102144,6129,329574,50766,LR11x0_Channel_Activity_Detection_Blocking
221469,102204,6129,329802,5084a,LR11x0_Channel_Activity_Detection_Interrupt
221865,347404,6129,575398,8c7a6,LR11x0_Firmware_Update
222185,102300,6129,330614,50b76,LR11x0_GFSK_Modem
223281,102472,6209,331962,510ba,LR11x0_GNSS_Almanac_Update
223273,102324,6145,331742,50fde,LR11x0_GNSS_Autonomous_Position
222697,102380,6129,331206,50dc6,LR11x0_GNSS_Satellites
221149,102048,6129,329326,5066e,LR11x0_LR_FHSS_Modem
222677,102332,6137,331146,50d8a,LR11x0_PingPong
222449,102264,6129,330842,50c5a,LR11x0_Receive_Blocking
222545,102264,6129,330938,50cba,LR11x0_Receive_Interrupt
222249,102180,6129,330558,50b3e,LR11x0_Transmit_Blocking
221841,102228,6137,330206,509de,LR11x0_Transmit_Interrupt
223469,102316,6129,331914,5108a,LR11x0_WiFi_Scan_Blocking
223521,102364,6129,332014,510ee,LR11x0_WiFi_Scan_Interrupt
240065,104272,7993,352330,5604a,LoRaWAN_ABP
244197,104808,8081,357086,572de,LoRaWAN_Class_C
244305,104776,8089,357170,57332,LoRaWAN_Multicast
241797,104804,8009,354610,56932,LoRaWAN_Reference
240021,104288,8009,352318,5603e,LoRaWAN_Starter
242101,103932,8521,354554,568fa,LoRaWAN_TS_Packages
223465,102000,6177,331642,50f7a,Morse_Receive_AM
225205,102324,6177,333706,5178a,Morse_Transmit_AM
225121,102264,6177,333562,516fa,Morse_Transmit_FM
225085,102264,6169,333518,516ce,Morse_Transmit_SSB
225133,102128,6153,333414,51666,Pager_Receive
224989,102032,6153,333174,51576,Pager_Transmit
223769,102188,6105,332062,5111e,PhysicalLayer_Interface
214873,101716,6089,322678,4ec76,RF69_Receive_AES
215033,101792,6089,322914,4ed62,RF69_Receive_Address
215237,101724,6089,323050,4edea,RF69_Receive_Blocking
215365,101752,6089,323206,4ee86,RF69_Receive_Interrupt
214821,102212,6457,323490,4efa2,RF69_Settings
214305,101648,6089,322042,4e9fa,RF69_Transmit_AES
214465,101740,6089,322294,4eaf6,RF69_Transmit_Address
214609,101660,6089,322358,4eb36,RF69_Transmit_Blocking
214701,101732,6097,322530,4ebe2,RF69_Transmit_Interrupt
225217,102200,6145,333562,516fa,RTTY_Transmit
225257,102200,6153,333610,5172a,RTTY_Transmit_AFSK
223785,103372,6241,333398,51656,SSTV_Transmit
223841,103372,6249,333462,51696,SSTV_Transmit_AFSK
214701,101940,6089,322730,4ecaa,SX123x_Receive_Blocking
214513,101900,6097,322510,4ebce,SX123x_Transmit_Blocking
225145,102176,6169,333490,516b2,SX126x_Channel_Activity_Detection_Blocking
225313,102236,6177,333726,5179e,SX126x_Channel_Activity_Detection_Interrupt
226881,102464,6177,335522,51ea2,SX126x_Channel_Activity_Detection_Receive
226057,102508,6169,334734,51b8e,SX126x_FSK_Modem
226089,102212,6177,334478,51a8e,SX126x_LR_FHSS_Transmit_Blocking
225709,102260,6185,334154,5194a,SX126x_LR_FHSS_Transmit_Interrupt
226525,102364,6177,335066,51cda,SX126x_PingPong
226569,102340,6169,335078,51ce6,SX126x_Receive_Blocking
226665,102356,6177,335198,51d5e,SX126x_Receive_Interrupt
226405,102920,6625,335950,5204e,SX126x_Settings
225741,103788,6169,335698,51f52,SX126x_Spectrum_Scan
226285,103800,6169,336254,5217e,SX126x_Spectrum_Scan_Frequency
226093,102212,6177,334482,51a92,SX126x_Transmit_Blocking
225685,102260,6185,334130,51932,SX126x_Transmit_Interrupt
222109,101936,6105,330150,509a6,SX127x_Channel_Activity_Detection_Blocking
222297,101952,6105,330354,50a72,SX127x_Channel_Activity_Detection_Interrupt
224033,102240,6105,332378,5125a,SX127x_Channel_Activity_Detection_Receive
223429,102492,6105,332026,510fa,SX127x_FSK_Modem
223509,102124,6113,331746,50fe2,SX127x_PingPong
223685,102116,6105,331906,51082,SX127x_Receive_Blocking
222357,101916,6105,330378,50a8a,SX127x_Receive_Direct
223225,102176,6113,331514,50efa,SX127x_Receive_FHSS
223785,102148,6105,332038,51106,SX127x_Receive_Interrupt
225481,102600,6489,334570,51aea,SX127x_Settings
223077,101972,6105,331154,50d92,SX127x_Transmit_Blocking
223253,102432,6137,331822,5102e,SX127x_Transmit_FHSS
222673,102020,6113,330806,50c36,SX127x_Transmit_Interrupt
217673,102432,6105,326210,4fa42,SX128x_BLE_Modem
216545,102144,6105,324794,4f4ba,SX128x_Channel_Activity_Detection_Blocking
216713,102220,6113,325046,4f5b6,SX128x_Channel_Activity_Detection_Interrupt
217737,102476,6105,326318,4faae,SX128x_FLRC_Modem
217385,102476,6105,325966,4f94e,SX128x_GFSK_Modem
217925,102168,6105,326198,4fa36,SX128x_Ranging
217985,102324,6105,326414,4fb0e,SX128x_Receive_Blocking
218093,102324,6113,326530,4fb82,SX128x_Receive_Interrupt
217201,102472,6497,326170,4fa1a,SX128x_Settings
216989,102156,6113,325258,4f68a,SX128x_Transmit_Blocking
217085,102228,6121,325434,4f73a,SX128x_Transmit_Interrupt
215681,101940,6081,323702,4f076,Si443x_Receive_Blocking
215789,101940,6081,323810,4f0e2,Si443x_Receive_Interrupt
215481,102344,6441,324266,4f2aa,Si443x_Settings
215541,101916,6081,323538,4efd2,Si443x_Transmit_Blocking
215617,101972,6089,323678,4f05e,Si443x_Transmit_Interrupt
222421,101964,6625,331010,50d02,Stream_Receive
222485,102484,6137,331106,50d62,Stream_Transmit
212537,101760,6065,320362,4e36a,nRF24_Receive_Blocking
212637,101792,6073,320502,4e3f6,nRF24_Receive_Interrupt
212353,101724,6073,320150,4e296,nRF24_Transmit_Blocking
212445,101808,6081,320334,4e34e,nRF24_Transmit_Interrupt
