text,data,bss,dec,hex,filename
44880,844,3516,49240,c058,AFSK_Imperial_March
44648,156,3516,48320,bcc0,AFSK_Tone
44744,156,3516,48416,bd20,AFSK_Tone_AM
50316,156,3572,54044,d31c,APRS_MicE
50024,156,3572,53752,d1f8,APRS_Position
49964,156,3540,53660,d19c,APRS_Position_LoRa
46436,156,3532,50124,c3cc,AX25_Frames
46060,156,3532,49748,c254,AX25_Transmit
46576,156,3540,50272,c460,AX25_Transmit_AFSK
47328,156,3548,51032,c758,BellModem_Transmit
35628,156,3484,39268,9964,CC1101_Receive_Address
35492,156,3484,39132,98dc,CC1101_Receive_Blocking
35560,156,3492,39208,9928,CC1101_Receive_Interrupt
35052,156,3844,39052,988c,CC1101_Settings
34560,156,3484,38200,9538,CC1101_Transmit_Address
35096,156,3492,38744,9758,CC1101_Transmit_Blocking
35236,156,3500,38892,97ec,CC1101_Transmit_Interrupt
45304,208,3568,49080,bfb8,FSK4_Transmit
45328,208,3576,49112,bfd8,FSK4_Transmit_AFSK
47596,156,3540,51292,c85c,Hellschreiber_Transmit
47668,156,3548,51372,c8ac,Hellschreiber_Transmit_AFSK
42548,156,3532,46236,b49c,LR11x0_Channel_Activity_Detection_Blocking
42724,156,3532,46412,b54c,LR11x0_Channel_Activity_Detection_Interrupt
43548,156,3532,47236,b884,LR11x0_GFSK_Modem
44440,156,3612,48208,bc50,LR11x0_GNSS_Almanac_Update
44420,156,3548,48124,bbfc,LR11x0_GNSS_Autonomous_Position
43996,156,3532,47684,ba44,LR11x0_GNSS_Satellites
42264,156,3532,45952,b380,LR11x0_LR_FHSS_Modem
43840,156,3540,47536,b9b0,LR11x0_PingPong
43616,156,3532,47304,b8c8,LR11x0_Receive_Blocking
43668,156,3532,47356,b8fc,LR11x0_Receive_Interrupt
43696,156,3532,47384,b918,LR11x0_Transmit_Blocking
43388,156,3540,47084,b7ec,LR11x0_Transmit_Interrupt
44660,156,3532,48348,bcdc,LR11x0_WiFi_Scan_Blocking
44724,156,3532,48412,bd1c,LR11x0_WiFi_Scan_Interrupt
66976,368,5400,72744,11c28,LoRaWAN_ABP
69592,368,5488,75448,126b8,LoRaWAN_Class_C
69680,368,5496,75544,12718,LoRaWAN_Multicast
68888,368,5416,74672,123b0,LoRaWAN_Reference
66908,368,5416,72692,11bf4,LoRaWAN_Starter
68904,376,5936,75216,125d0,LoRaWAN_TS_Packages
46040,156,3580,49776,c270,Morse_Receive_AM
47740,156,3580,51476,c914,Morse_Transmit_AM
47652,156,3580,51388,c8bc,Morse_Transmit_FM
47628,156,3572,51356,c89c,Morse_Transmit_SSB
47164,160,3560,50884,c6c4,Pager_Receive
47012,156,3556,50724,c624,Pager_Transmit
46024,160,3504,49688,c218,PhysicalLayer_Interface
36488,156,3492,40136,9cc8,RF69_Receive_AES
36704,156,3492,40352,9da0,RF69_Receive_Address
36792,156,3492,40440,9df8,RF69_Receive_Blocking
36856,156,3492,40504,9e38,RF69_Receive_Interrupt
36836,156,3852,40844,9f8c,RF69_Settings
35912,156,3492,39560,9a88,RF69_Transmit_AES
36128,156,3492,39776,9b60,RF69_Transmit_Address
36500,156,3492,40148,9cd4,RF69_Transmit_Blocking
36640,156,3500,40296,9d68,RF69_Transmit_Interrupt
47504,156,3548,51208,c808,RTTY_Transmit
47536,156,3556,51248,c830,RTTY_Transmit_AFSK
46144,1436,3644,51224,c818,SSTV_Transmit
46184,1436,3652,51272,c848,SSTV_Transmit_AFSK
47676,156,3572,51404,c8cc,STM32WLx_Channel_Activity_Detection
47860,156,3580,51596,c98c,STM32WLx_Channel_Activity_Detection_Interrupt
48796,156,3572,52524,cd2c,STM32WLx_Receive_Blocking
48856,156,3580,52592,cd70,STM32WLx_Receive_Interrupt
48884,156,3580,52620,cd8c,STM32WLx_Transmit_Blocking
48576,156,3588,52320,cc60,STM32WLx_Transmit_Interrupt
36596,156,3492,40244,9d34,SX123x_Receive_Blocking
36684,156,3500,40340,9d94,SX123x_Transmit_Blocking
45980,156,3572,49708,c22c,SX126x_Channel_Activity_Detection_Blocking
46160,156,3580,49896,c2e8,SX126x_Channel_Activity_Detection_Interrupt
47664,156,3580,51400,c8c8,SX126x_Channel_Activity_Detection_Receive
47140,156,3572,50868,c6b4,SX126x_FSK_Modem
47124,156,3580,50860,c6ac,SX126x_LR_FHSS_Transmit_Blocking
46840,156,3588,50584,c598,SX126x_LR_FHSS_Transmit_Interrupt
47272,156,3580,51008,c740,SX126x_PingPong
47312,156,3572,51040,c760,SX126x_Receive_Blocking
47368,156,3580,51104,c7a0,SX126x_Receive_Interrupt
47860,156,4020,52036,cb44,SX126x_Settings
48092,156,3572,51820,ca6c,SX126x_Spectrum_Scan
48564,156,3572,52292,cc44,SX126x_Spectrum_Scan_Frequency
47136,156,3580,50872,c6b8,SX126x_Transmit_Blocking
46828,156,3588,50572,c58c,SX126x_Transmit_Interrupt
44432,156,3508,48096,bbe0,SX127x_Channel_Activity_Detection_Blocking
44604,156,3508,48268,bc8c,SX127x_Channel_Activity_Detection_Interrupt
46260,156,3508,49924,c304,SX127x_Channel_Activity_Detection_Receive
46156,156,3508,49820,c29c,SX127x_FSK_Modem
45748,156,3516,49420,c10c,SX127x_PingPong
45896,156,3508,49560,c198,SX127x_Receive_Blocking
44596,156,3508,48260,bc84,SX127x_Receive_Direct
45564,184,3512,49260,c06c,SX127x_Receive_FHSS
45984,156,3508,49648,c1f0,SX127x_Receive_Interrupt
48360,156,3884,52400,ccb0,SX127x_Settings
45612,156,3508,49276,c07c,SX127x_Transmit_Blocking
46028,184,3536,49748,c254,SX127x_Transmit_FHSS
45300,156,3516,48972,bf4c,SX127x_Transmit_Interrupt
39720,156,3508,43384,a978,SX128x_BLE_Modem
38428,156,3508,42092,a46c,SX128x_Channel_Activity_Detection_Blocking
38608,156,3516,42280,a528,SX128x_Channel_Activity_Detection_Interrupt
39732,156,3508,43396,a984,SX128x_FLRC_Modem
39456,156,3508,43120,a870,SX128x_GFSK_Modem
39756,156,3508,43420,a99c,SX128x_Ranging
39756,156,3508,43420,a99c,SX128x_Receive_Blocking
39824,156,3516,43496,a9e8,SX128x_Receive_Interrupt
39288,156,3892,43336,a948,SX128x_Settings
39128,156,3516,42800,a730,SX128x_Transmit_Blocking
39268,156,3524,42948,a7c4,SX128x_Transmit_Interrupt
37408,156,3484,41048,a058,Si443x_Receive_Blocking
37472,156,3484,41112,a098,Si443x_Receive_Interrupt
37544,156,3836,41536,a240,Si443x_Settings
37544,156,3484,41184,a0e0,Si443x_Transmit_Blocking
37660,156,3492,41308,a15c,Si443x_Transmit_Interrupt
44704,156,4028,48888,bef8,Stream_Receive
45576,156,3532,49264,c070,Stream_Transmit
31420,156,3468,35044,88e4,nRF24_Receive_Blocking
31500,156,3476,35132,893c,nRF24_Receive_Interrupt
31572,156,3476,35204,8984,nRF24_Transmit_Blocking
31656,156,3484,35296,89e0,nRF24_Transmit_Interrupt
