text,data,bss,dec,hex,filename
33612,744,779,35135,893f,AFSK_Imperial_March
33352,400,779,34531,86e3,AFSK_Tone
33484,400,779,34663,8767,AFSK_Tone_AM
38372,450,814,39636,9ad4,APRS_MicE
39198,548,814,40560,9e70,APRS_Position
37884,486,792,39162,98fa,APRS_Position_LoRa
35526,462,789,36777,8fa9,AX25_Frames
35114,424,789,36327,8de7,AX25_Transmit
35968,442,795,37205,9155,AX25_Transmit_AFSK
36142,470,802,37414,9226,BellModem_Transmit
22830,438,759,24027,5ddb,CC1101_Receive_Address
22710,438,759,23907,5d63,CC1101_Receive_Blocking
22800,438,760,23998,5dbe,CC1101_Receive_Interrupt
22950,542,1103,24595,6013,CC1101_Settings
21562,438,759,22759,58e7,CC1101_Transmit_Address
22458,440,761,23659,5c6b,CC1101_Transmit_Blocking
22562,454,764,23780,5ce4,CC1101_Transmit_Interrupt
34302,446,829,35577,8af9,FSK4_Transmit
34338,446,835,35619,8b23,FSK4_Transmit_AFSK
36500,446,795,37741,936d,Hellschreiber_Transmit
36612,462,801,37875,93f3,Hellschreiber_Transmit_AFSK
27492,618,797,28907,70eb,LR11x0_Channel_Activity_Detection_Blocking
27732,618,798,29148,71dc,LR11x0_Channel_Activity_Detection_Interrupt
29046,450,797,30293,7655,LR11x0_GFSK_Modem
28366,618,862,29846,7496,LR11x0_GNSS_Almanac_Update
29392,634,812,30838,7876,LR11x0_GNSS_Autonomous_Position
29256,626,801,30683,77db,LR11x0_GNSS_Satellites
27428,446,797,28671,6fff,LR11x0_LR_FHSS_Modem
29146,642,801,30589,777d,LR11x0_PingPong
28992,630,797,30419,76d3,LR11x0_Receive_Blocking
29072,630,798,30500,7724,LR11x0_Receive_Interrupt
28904,644,799,30347,768b,LR11x0_Transmit_Blocking
28610,646,802,30058,756a,LR11x0_Transmit_Interrupt
30840,652,797,32289,7e21,LR11x0_WiFi_Scan_Blocking
30958,652,798,32408,7e98,LR11x0_WiFi_Scan_Interrupt
60916,1704,2051,64671,fc9f,LoRaWAN_ABP
66840,1964,2105,70909,114fd,LoRaWAN_Class_C
66930,1962,2107,70999,11557,LoRaWAN_Multicast
63260,1736,2049,67045,105e5,LoRaWAN_Reference
60950,1704,2049,64703,fcbf,LoRaWAN_Starter
64646,1032,2564,68242,10a92,LoRaWAN_TS_Packages
35624,410,832,36866,9002,Morse_Receive_AM
36692,438,830,37960,9448,Morse_Transmit_AM
36554,438,830,37822,93be,Morse_Transmit_FM
36518,438,824,37780,9394,Morse_Transmit_SSB
39250,412,812,40474,9e1a,Pager_Receive
39278,430,810,40518,9e46,Pager_Transmit
35000,426,773,36199,8d67,PhysicalLayer_Interface
21828,402,762,22992,59d0,RF69_Receive_AES
22094,386,762,23242,5aca,RF69_Receive_Address
22136,398,762,23296,5b00,RF69_Receive_Blocking
22208,398,763,23369,5b49,RF69_Receive_Interrupt
22800,510,1109,24419,5f63,RF69_Settings
20962,414,762,22138,567a,RF69_Transmit_AES
21226,398,762,22386,5772,RF69_Transmit_Address
21930,400,764,23094,5a36,RF69_Transmit_Blocking
22036,414,767,23217,5ab1,RF69_Transmit_Interrupt
36628,436,803,37867,93eb,RTTY_Transmit
36664,436,809,37909,9415,RTTY_Transmit_AFSK
35414,1760,865,38039,9497,SSTV_Transmit
35464,1760,871,38095,94cf,SSTV_Transmit_AFSK
21908,388,763,23059,5a13,SX123x_Receive_Blocking
21964,402,765,23131,5a5b,SX123x_Transmit_Blocking
37676,636,825,39137,98e1,SX126x_Channel_Activity_Detection_Blocking
37900,636,826,39362,99c2,SX126x_Channel_Activity_Detection_Interrupt
39820,648,827,41295,a14f,SX126x_Channel_Activity_Detection_Receive
39138,658,825,40621,9ead,SX126x_FSK_Modem
39064,664,827,40555,9e6b,SX126x_LR_FHSS_Transmit_Blocking
38718,664,830,40212,9d14,SX126x_LR_FHSS_Transmit_Interrupt
39264,662,829,40755,9f33,SX126x_PingPong
39378,648,825,40851,9f93,SX126x_Receive_Blocking
39456,648,826,40930,9fe2,SX126x_Receive_Interrupt
41066,886,1233,43185,a8b1,SX126x_Settings
40038,648,825,41511,a227,SX126x_Spectrum_Scan
40478,666,825,41969,a3f1,SX126x_Spectrum_Scan_Frequency
39090,664,827,40581,9e85,SX126x_Transmit_Blocking
38800,664,830,40294,9d66,SX126x_Transmit_Interrupt
32952,400,773,34125,854d,SX127x_Channel_Activity_Detection_Blocking
33308,400,775,34483,86b3,SX127x_Channel_Activity_Detection_Interrupt
35334,412,776,36522,8eaa,SX127x_Channel_Activity_Detection_Receive
35178,422,773,36373,8e15,SX127x_FSK_Modem
34640,426,777,35843,8c03,SX127x_PingPong
34868,412,773,36053,8cd5,SX127x_Receive_Blocking
33026,442,773,34241,85c1,SX127x_Receive_Direct
34546,424,777,35747,8ba3,SX127x_Receive_FHSS
34960,412,774,36146,8d32,SX127x_Receive_Interrupt
38310,642,1131,40083,9c93,SX127x_Settings
34458,428,775,35661,8b4d,SX127x_Transmit_Blocking
35050,646,787,36483,8e83,SX127x_Transmit_FHSS
34166,428,778,35372,8a2c,SX127x_Transmit_Interrupt
26740,414,780,27934,6d1e,SX128x_BLE_Modem
25136,402,780,26318,66ce,SX128x_Channel_Activity_Detection_Blocking
25366,402,781,26549,67b5,SX128x_Channel_Activity_Detection_Interrupt
26804,422,780,28006,6d66,SX128x_FLRC_Modem
26422,420,780,27622,6be6,SX128x_GFSK_Modem
26624,450,780,27854,6cce,SX128x_Ranging
26882,414,780,28076,6dac,SX128x_Receive_Blocking
26972,414,781,28167,6e07,SX128x_Receive_Interrupt
26568,634,1145,28347,6ebb,SX128x_Settings
26164,416,782,27362,6ae2,SX128x_Transmit_Blocking
26272,430,785,27487,6b5f,SX128x_Transmit_Interrupt
23992,388,757,25137,6231,Si443x_Receive_Blocking
24076,388,758,25222,6286,Si443x_Receive_Interrupt
24292,508,1099,25899,652b,Si443x_Settings
24170,402,759,25331,62f3,Si443x_Transmit_Blocking
24254,416,762,25432,6358,Si443x_Transmit_Interrupt
33622,400,1289,35311,89ef,Stream_Receive
34024,914,787,35725,8b8d,Stream_Transmit
17508,390,746,18644,48d4,nRF24_Receive_Blocking
17604,390,747,18741,4935,nRF24_Receive_Interrupt
17838,406,748,18992,4a30,nRF24_Transmit_Blocking
17914,418,751,19083,4a8b,nRF24_Transmit_Interrupt
