text,data,bss,dec,hex,filename
41280,852,3396,45528,b1d8,AFSK_Imperial_March
41040,164,3396,44600,ae38,AFSK_Tone
41136,164,3396,44696,ae98,AFSK_Tone_AM
46620,164,3452,50236,c43c,APRS_MicE
46416,164,3452,50032,c370,APRS_Position
46276,164,3420,49860,c2c4,APRS_Position_LoRa
42828,164,3412,46404,b544,AX25_Frames
42444,164,3412,46020,b3c4,AX25_Transmit
42968,164,3420,46552,b5d8,AX25_Transmit_AFSK
43712,164,3428,47304,b8c8,BellModem_Transmit
32036,164,3372,35572,8af4,CC1101_Receive_Address
31900,164,3372,35436,8a6c,CC1101_Receive_Blocking
31976,164,3372,35512,8ab8,CC1101_Receive_Interrupt
31548,164,3732,35444,8a74,CC1101_Settings
31044,164,3372,34580,8714,CC1101_Transmit_Address
31580,164,3372,35116,892c,CC1101_Transmit_Blocking
31720,164,3380,35264,89c0,CC1101_Transmit_Interrupt
41636,216,3448,45300,b0f4,FSK4_Transmit
41660,216,3456,45332,b114,FSK4_Transmit_AFSK
43964,164,3420,47548,b9bc,Hellschreiber_Transmit
44036,164,3428,47628,ba0c,Hellschreiber_Transmit_AFSK
38860,164,3412,42436,a5c4,LR11x0_Channel_Activity_Detection_Blocking
39044,164,3420,42628,a684,LR11x0_Channel_Activity_Detection_Interrupt
39860,164,3412,43436,a9ac,LR11x0_GFSK_Modem
40756,164,3492,44412,ad7c,LR11x0_GNSS_Almanac_Update
40696,164,3428,44288,ad00,LR11x0_GNSS_Autonomous_Position
40312,164,3420,43896,ab78,LR11x0_GNSS_Satellites
38584,164,3412,42160,a4b0,LR11x0_LR_FHSS_Modem
40076,164,3420,43660,aa8c,LR11x0_PingPong
39848,164,3412,43424,a9a0,LR11x0_Receive_Blocking
39912,164,3420,43496,a9e8,LR11x0_Receive_Interrupt
39940,164,3420,43524,aa04,LR11x0_Transmit_Blocking
39708,164,3428,43300,a924,LR11x0_Transmit_Interrupt
40912,164,3412,44488,adc8,LR11x0_WiFi_Scan_Blocking
40984,164,3420,44568,ae18,LR11x0_WiFi_Scan_Interrupt
58924,164,4896,63984,f9f0,LoRaWAN_ABP
61352,164,4984,66500,103c4,LoRaWAN_Class_C
61440,164,4992,66596,10424,LoRaWAN_Multicast
60716,164,4912,65792,10100,LoRaWAN_Reference
58824,164,4912,63900,f99c,LoRaWAN_Starter
61740,172,5424,67336,10708,LoRaWAN_TS_Packages
42392,164,3460,46016,b3c0,Morse_Receive_AM
44108,164,3460,47732,ba74,Morse_Transmit_AM
44020,164,3460,47644,ba1c,Morse_Transmit_FM
43996,164,3452,47612,b9fc,Morse_Transmit_SSB
43568,168,3440,47176,b848,Pager_Receive
43416,164,3436,47016,b7a8,Pager_Transmit
42344,168,3384,45896,b348,PhysicalLayer_Interface
33008,164,3372,36544,8ec0,RF69_Receive_AES
33220,164,3372,36756,8f94,RF69_Receive_Address
33236,164,3372,36772,8fa4,RF69_Receive_Blocking
33304,164,3380,36848,8ff0,RF69_Receive_Interrupt
33368,164,3740,37272,9198,RF69_Settings
32440,164,3372,35976,8c88,RF69_Transmit_AES
32652,164,3372,36188,8d5c,RF69_Transmit_Address
33024,164,3380,36568,8ed8,RF69_Transmit_Blocking
33164,164,3388,36716,8f6c,RF69_Transmit_Interrupt
43908,164,3428,47500,b98c,RTTY_Transmit
43932,164,3436,47532,b9ac,RTTY_Transmit_AFSK
42568,1444,3524,47536,b9b0,SSTV_Transmit
42608,1444,3532,47584,b9e0,SSTV_Transmit_AFSK
33088,164,3380,36632,8f18,SX123x_Receive_Blocking
33184,164,3380,36728,8f78,SX123x_Transmit_Blocking
42216,164,3460,45840,b310,SX126x_Channel_Activity_Detection_Blocking
42396,164,3460,46020,b3c4,SX126x_Channel_Activity_Detection_Interrupt
43840,164,3460,47464,b968,SX126x_Channel_Activity_Detection_Receive
43372,164,3460,46996,b794,SX126x_FSK_Modem
43288,164,3460,46912,b740,SX126x_LR_FHSS_Transmit_Blocking
43076,164,3468,46708,b674,SX126x_LR_FHSS_Transmit_Interrupt
43432,164,3468,47064,b7d8,SX126x_PingPong
43480,164,3460,47104,b800,SX126x_Receive_Blocking
43544,164,3460,47168,b840,SX126x_Receive_Interrupt
44112,164,3908,48184,bc38,SX126x_Settings
44320,164,3460,47944,bb48,SX126x_Spectrum_Scan
44736,164,3460,48360,bce8,SX126x_Spectrum_Scan_Frequency
43300,164,3460,46924,b74c,SX126x_Transmit_Blocking
43064,164,3468,46696,b668,SX126x_Transmit_Interrupt
40832,164,3388,44384,ad60,SX127x_Channel_Activity_Detection_Blocking
41004,164,3388,44556,ae0c,SX127x_Channel_Activity_Detection_Interrupt
42612,164,3388,46164,b454,SX127x_Channel_Activity_Detection_Receive
42548,164,3388,46100,b414,SX127x_FSK_Modem
42076,164,3396,45636,b244,SX127x_PingPong
42240,164,3388,45792,b2e0,SX127x_Receive_Blocking
40996,164,3388,44548,ae04,SX127x_Receive_Direct
41972,192,3392,45556,b1f4,SX127x_Receive_FHSS
42336,164,3388,45888,b340,SX127x_Receive_Interrupt
44752,164,3764,48680,be28,SX127x_Settings
41940,164,3388,45492,b1b4,SX127x_Transmit_Blocking
42444,192,3416,46052,b3e4,SX127x_Transmit_FHSS
41700,164,3396,45260,b0cc,SX127x_Transmit_Interrupt
35808,164,3388,39360,99c0,SX128x_BLE_Modem
34496,164,3388,38048,94a0,SX128x_Channel_Activity_Detection_Blocking
34672,164,3396,38232,9558,SX128x_Channel_Activity_Detection_Interrupt
35808,164,3388,39360,99c0,SX128x_FLRC_Modem
35528,164,3388,39080,98a8,SX128x_GFSK_Modem
35756,164,3388,39308,998c,SX128x_Ranging
35760,164,3388,39312,9990,SX128x_Receive_Blocking
35832,164,3396,39392,99e0,SX128x_Receive_Interrupt
35360,164,3772,39296,9980,SX128x_Settings
35196,164,3396,38756,9764,SX128x_Transmit_Blocking
35336,164,3404,38904,97f8,SX128x_Transmit_Interrupt
33860,164,3364,37388,920c,Si443x_Receive_Blocking
33932,164,3372,37468,925c,Si443x_Receive_Interrupt
34012,164,3724,37900,940c,Si443x_Settings
34004,164,3372,37540,92a4,Si443x_Transmit_Blocking
34120,164,3380,37664,9320,Si443x_Transmit_Interrupt
41104,164,3908,45176,b078,Stream_Receive
41968,164,3412,45544,b1e8,Stream_Transmit
28680,164,3356,32200,7dc8,nRF24_Receive_Blocking
28768,164,3356,32288,7e20,nRF24_Receive_Interrupt
28840,164,3356,32360,7e68,nRF24_Transmit_Blocking
28924,164,3364,32452,7ec4,nRF24_Transmit_Interrupt
