text,data,bss,dec,hex,filename
222293,102100,6105,330498,50b02,AFSK_Imperial_March
222157,101396,6105,329658,507ba,AFSK_Tone
222241,101456,6105,329802,5084a,AFSK_Tone_AM
225973,101572,6161,333706,5178a,APRS_MicE
225437,101828,6161,333426,51672,APRS_Position
225585,101544,6129,333258,515ca,APRS_Position_LoRa
223993,101588,6121,331702,50fb6,AX25_Frames
223577,101444,6121,331142,50d86,AX25_Transmit
224085,101492,6129,331706,50fba,AX25_Transmit_AFSK
224789,101728,6137,332654,5136e,BellModem_Transmit
216425,101404,6081,323910,4f146,CC1101_Receive_Address
216309,101372,6081,323762,4f0b2,CC1101_Receive_Blocking
216417,101372,6089,323878,4f126,CC1101_Receive_Interrupt
215461,101660,6449,323570,4eff2,CC1101_Settings
215253,101268,6081,322602,4ec2a,CC1101_Transmit_Address
215537,101264,6089,322890,4ed4a,CC1101_Transmit_Blocking
215629,101336,6097,323062,4edf6,CC1101_Transmit_Interrupt
222741,101460,6161,330362,50a7a,FSK4_Transmit
222773,101460,6169,330402,50aa2,FSK4_Transmit_AFSK
224737,102028,6137,332902,51466,Hellschreiber_Transmit
224825,102044,6145,333014,514d6,Hellschreiber_Transmit_AFSK
220585,101636,6129,328350,5029e,LR11x0_Channel_Activity_Detection_Blocking
220753,101696,6129,328578,50382,LR11x0_Channel_Activity_Detection_Interrupt
221149,346896,6129,574174,8c2de,LR11x0_Firmware_Update
221573,101792,6129,329494,50716,LR11x0_GFSK_Modem
222565,101964,6209,330738,50bf2,LR11x0_GNSS_Almanac_Update
222557,101816,6145,330518,50b16,LR11x0_GNSS_Autonomous_Position
221981,101872,6129,329982,508fe,LR11x0_GNSS_Satellites
220433,101540,6129,328102,501a6,LR11x0_LR_FHSS_Modem
221961,101824,6137,329922,508c2,LR11x0_PingPong
221733,101756,6129,329618,50792,LR11x0_Receive_Blocking
221829,101756,6129,329714,507f2,LR11x0_Receive_Interrupt
221533,101672,6129,329334,50676,LR11x0_Transmit_Blocking
221125,101720,6137,328982,50516,LR11x0_Transmit_Interrupt
222753,101808,6129,330690,50bc2,LR11x0_WiFi_Scan_Blocking
222805,101856,6129,330790,50c26,LR11x0_WiFi_Scan_Interrupt
239865,103368,7601,350834,55a72,LoRaWAN_ABP
243065,103904,7697,354666,5696a,LoRaWAN_Class_C
243169,103872,7705,354746,569ba,LoRaWAN_Multicast
241461,103900,7617,352978,562d2,LoRaWAN_Reference
239785,103384,7617,350786,55a42,LoRaWAN_Starter
241769,103028,8137,352934,562a6,LoRaWAN_TS_Packages
223237,101492,6177,330906,50c9a,Morse_Receive_AM
224977,101816,6169,332962,514a2,Morse_Transmit_AM
224893,101756,6169,332818,51412,Morse_Transmit_FM
224857,101756,6161,332774,513e6,Morse_Transmit_SSB
224905,101620,6153,332678,51386,Pager_Receive
224761,101524,6153,332438,51296,Pager_Transmit
223545,101680,6097,331322,50e3a,PhysicalLayer_Interface
214809,101224,6089,322122,4ea4a,RF69_Receive_AES
214969,101300,6089,322358,4eb36,RF69_Receive_Address
215177,101232,6089,322498,4ebc2,RF69_Receive_Blocking
215305,101260,6089,322654,4ec5e,RF69_Receive_Interrupt
214757,101720,6457,322934,4ed76,RF69_Settings
214245,101156,6089,321490,4e7d2,RF69_Transmit_AES
214405,101248,6089,321742,4e8ce,RF69_Transmit_Address
214549,101168,6089,321806,4e90e,RF69_Transmit_Blocking
214641,101240,6097,321978,4e9ba,RF69_Transmit_Interrupt
224989,101692,6145,332826,5141a,RTTY_Transmit
225029,101692,6153,332874,5144a,RTTY_Transmit_AFSK
223557,102864,6233,332654,5136e,SSTV_Transmit
223613,102864,6241,332718,513ae,SSTV_Transmit_AFSK
214625,101432,6089,322146,4ea62,SX123x_Receive_Blocking
214441,101392,6097,321930,4e98a,SX123x_Transmit_Blocking
224025,101668,6169,331862,51056,SX126x_Channel_Activity_Detection_Blocking
224193,101728,6177,332098,51142,SX126x_Channel_Activity_Detection_Interrupt
225761,101956,6177,333894,51846,SX126x_Channel_Activity_Detection_Receive
225001,102000,6169,333170,51572,SX126x_FSK_Modem
224969,101704,6177,332850,51432,SX126x_LR_FHSS_Transmit_Blocking
224589,101752,6185,332526,512ee,SX126x_LR_FHSS_Transmit_Interrupt
225405,101856,6177,333438,5167e,SX126x_PingPong
225449,101832,6169,333450,5168a,SX126x_Receive_Blocking
225545,101848,6177,333570,51702,SX126x_Receive_Interrupt
225205,102396,6625,334226,51992,SX126x_Settings
224625,103280,6169,334074,518fa,SX126x_Spectrum_Scan
225169,103292,6169,334630,51b26,SX126x_Spectrum_Scan_Frequency
224973,101704,6177,332854,51436,SX126x_Transmit_Blocking
224565,101752,6185,332502,512d6,SX126x_Transmit_Interrupt
221885,101428,6097,329410,506c2,SX127x_Channel_Activity_Detection_Blocking
222073,101444,6105,329622,50796,SX127x_Channel_Activity_Detection_Interrupt
223809,101732,6105,331646,50f7e,SX127x_Channel_Activity_Detection_Receive
223197,101984,6097,331278,50e0e,SX127x_FSK_Modem
223285,101616,6105,331006,50cfe,SX127x_PingPong
223461,101608,6097,331166,50d9e,SX127x_Receive_Blocking
222133,101408,6097,329638,507a6,SX127x_Receive_Direct
223001,101668,6105,330774,50c16,SX127x_Receive_FHSS
223561,101640,6105,331306,50e2a,SX127x_Receive_Interrupt
225157,102076,6481,333714,51792,SX127x_Settings
222853,101464,6105,330422,50ab6,SX127x_Transmit_Blocking
223029,101924,6129,331082,50d4a,SX127x_Transmit_FHSS
222449,101512,6113,330074,5095a,SX127x_Transmit_Interrupt
217173,101908,6105,325186,4f642,SX128x_BLE_Modem
216049,101620,6105,323774,4f0be,SX128x_Channel_Activity_Detection_Blocking
216217,101696,6105,324018,4f1b2,SX128x_Channel_Activity_Detection_Interrupt
217233,101952,6105,325290,4f6aa,SX128x_FLRC_Modem
216885,101952,6105,324942,4f54e,SX128x_GFSK_Modem
217429,101644,6105,325178,4f63a,SX128x_Ranging
217489,101800,6105,325394,4f712,SX128x_Receive_Blocking
217597,101800,6105,325502,4f77e,SX128x_Receive_Interrupt
216705,101948,6489,325142,4f616,SX128x_Settings
216493,101632,6105,324230,4f286,SX128x_Transmit_Blocking
216589,101704,6113,324406,4f336,SX128x_Transmit_Interrupt
215621,101432,6081,323134,4ee3e,Si443x_Receive_Blocking
215733,101432,6081,323246,4eeae,Si443x_Receive_Interrupt
215425,101836,6441,323702,4f076,Si443x_Settings
215485,101408,6081,322974,4ed9e,Si443x_Transmit_Blocking
215561,101464,6089,323114,4ee2a,Si443x_Transmit_Interrupt
222197,101456,6625,330278,50a26,Stream_Receive
222261,101976,6129,330366,50a7e,Stream_Transmit
212493,101268,6065,319826,4e152,nRF24_Receive_Blocking
212597,101300,6073,319970,4e1e2,nRF24_Receive_Interrupt
212313,101232,6073,319618,4e082,nRF24_Transmit_Blocking
212405,101316,6081,319802,4e13a,nRF24_Transmit_Interrupt
