text,data,bss,dec,hex,filename
57965,824,7708,66497,103c1,AFSK_Imperial_March
57845,136,7708,65689,10099,AFSK_Tone
57925,136,7708,65769,100e9,AFSK_Tone_AM
63093,136,7764,70993,11551,APRS_MicE
62805,136,7764,70705,11431,APRS_Position
62645,136,7732,70513,11371,APRS_Position_LoRa
59693,136,7724,67553,107e1,AX25_Frames
59277,136,7724,67137,10641,AX25_Transmit
59869,136,7732,67737,10899,AX25_Transmit_AFSK
60693,136,7740,68569,10bd9,BellModem_Transmit
50461,136,7684,58281,e3a9,CC1101_Receive_Address
50309,136,7684,58129,e311,CC1101_Receive_Blocking
50397,136,7692,58225,e371,CC1101_Receive_Interrupt
48533,136,8044,56713,dd89,CC1101_Settings
48037,136,7684,55857,da31,CC1101_Transmit_Address
48381,136,7692,56209,db91,CC1101_Transmit_Blocking
48549,136,7700,56385,dc41,CC1101_Transmit_Interrupt
58477,192,7764,66433,10381,FSK4_Transmit
58517,192,7772,66481,103b1,FSK4_Transmit_AFSK
60965,136,7740,68841,10ce9,Hellschreiber_Transmit
61061,136,7748,68945,10d51,Hellschreiber_Transmit_AFSK
54453,136,7732,62321,f371,LR11x0_Channel_Activity_Detection_Blocking
54629,136,7732,62497,f421,LR11x0_Channel_Activity_Detection_Interrupt
55253,136,7732,63121,f691,LR11x0_GFSK_Modem
56549,136,7812,64497,fbf1,LR11x0_GNSS_Almanac_Update
58093,136,7748,65977,101b9,LR11x0_GNSS_Autonomous_Position
56029,136,7732,63897,f999,LR11x0_GNSS_Satellites
54149,136,7732,62017,f241,LR11x0_LR_FHSS_Modem
57125,136,7740,65001,fde9,LR11x0_PingPong
56861,136,7732,64729,fcd9,LR11x0_Receive_Blocking
56941,136,7732,64809,fd29,LR11x0_Receive_Interrupt
57013,136,7732,64881,fd71,LR11x0_Transmit_Blocking
55157,136,7740,63033,f639,LR11x0_Transmit_Interrupt
57997,136,7732,65865,10149,LR11x0_WiFi_Scan_Blocking
58061,136,7732,65929,10189,LR11x0_WiFi_Scan_Interrupt
76709,136,9220,86065,15031,LoRaWAN_ABP
80109,136,9308,89553,15dd1,LoRaWAN_Class_C
80205,136,9316,89657,15e39,LoRaWAN_Multicast
78869,136,9228,88233,158a9,LoRaWAN_Reference
76605,136,9228,85969,14fd1,LoRaWAN_Starter
79525,144,9748,89417,15d49,LoRaWAN_TS_Packages
59277,136,7780,67193,10679,Morse_Receive_AM
61133,136,7772,69041,10db1,Morse_Transmit_AM
61045,136,7772,68953,10d59,Morse_Transmit_FM
61005,136,7764,68905,10d29,Morse_Transmit_SSB
60269,144,7756,68169,10a49,Pager_Receive
60349,136,7756,68241,10a91,Pager_Transmit
59085,144,7700,66929,10571,PhysicalLayer_Interface
48909,136,7692,56737,dda1,RF69_Receive_AES
49125,136,7692,56953,de79,RF69_Receive_Address
49333,136,7692,57161,df49,RF69_Receive_Blocking
49429,136,7692,57257,dfa9,RF69_Receive_Interrupt
49525,136,8052,57713,e171,RF69_Settings
48565,136,7692,56393,dc49,RF69_Transmit_AES
48781,136,7692,56609,dd21,RF69_Transmit_Address
48973,136,7692,56801,dde1,RF69_Transmit_Blocking
49141,136,7700,56977,de91,RF69_Transmit_Interrupt
60909,136,7748,68793,10cb9,RTTY_Transmit
60949,136,7756,68841,10ce9,RTTY_Transmit_AFSK
59325,1416,7836,68577,10be1,SSTV_Transmit
59389,1416,7844,68649,10c29,SSTV_Transmit_AFSK
48989,136,7692,56817,ddf1,SX123x_Receive_Blocking
49141,136,7700,56977,de91,SX123x_Transmit_Blocking
59653,136,7772,67561,107e9,SX126x_Channel_Activity_Detection_Blocking
59837,136,7780,67753,108a9,SX126x_Channel_Activity_Detection_Interrupt
61445,136,7780,69361,10ef1,SX126x_Channel_Activity_Detection_Receive
60621,136,7772,68529,10bb1,SX126x_FSK_Modem
60757,136,7780,68673,10c41,SX126x_LR_FHSS_Transmit_Blocking
60373,136,7788,68297,10ac9,SX126x_LR_FHSS_Transmit_Interrupt
60901,136,7788,68825,10cd9,SX126x_PingPong
61069,136,7772,68977,10d71,SX126x_Receive_Blocking
61149,136,7780,69065,10dc9,SX126x_Receive_Interrupt
61629,136,8220,69985,11161,SX126x_Settings
61853,136,7772,69761,11081,SX126x_Spectrum_Scan
62421,136,7772,70329,112b9,SX126x_Spectrum_Scan_Frequency
60773,136,7780,68689,10c51,SX126x_Transmit_Blocking
60365,136,7788,68289,10ac1,SX126x_Transmit_Interrupt
57573,136,7700,65409,ff81,SX127x_Channel_Activity_Detection_Blocking
57765,136,7708,65609,10049,SX127x_Channel_Activity_Detection_Interrupt
59397,136,7708,67241,106a9,SX127x_Channel_Activity_Detection_Receive
59061,136,7700,66897,10551,SX127x_FSK_Modem
58845,136,7716,66697,10489,SX127x_PingPong
58981,136,7700,66817,10501,SX127x_Receive_Blocking
57789,136,7700,65625,10059,SX127x_Receive_Direct
58525,168,7716,66409,10369,SX127x_Receive_FHSS
59093,136,7708,66937,10579,SX127x_Receive_Interrupt
61701,136,8076,69913,11119,SX127x_Settings
58709,136,7708,66553,103f9,SX127x_Transmit_Blocking
59101,168,7732,67001,105b9,SX127x_Transmit_FHSS
58301,136,7716,66153,10269,SX127x_Transmit_Interrupt
52517,136,7708,60361,ebc9,SX128x_BLE_Modem
51381,136,7708,59225,e759,SX128x_Channel_Activity_Detection_Blocking
51565,136,7708,59409,e811,SX128x_Channel_Activity_Detection_Interrupt
52541,136,7708,60385,ebe1,SX128x_FLRC_Modem
52205,136,7708,60049,ea91,SX128x_GFSK_Modem
52829,136,7708,60673,ed01,SX128x_Ranging
52637,136,7708,60481,ec41,SX128x_Receive_Blocking
52741,136,7708,60585,eca9,SX128x_Receive_Interrupt
52333,136,8084,60553,ec89,SX128x_Settings
51925,136,7708,59769,e979,SX128x_Transmit_Blocking
52093,136,7716,59945,ea29,SX128x_Transmit_Interrupt
49061,136,7684,56881,de31,Si443x_Receive_Blocking
49149,136,7684,56969,de89,Si443x_Receive_Interrupt
49453,136,8036,57625,e119,Si443x_Settings
49253,136,7684,57073,def1,Si443x_Transmit_Blocking
49397,136,7692,57225,df89,Si443x_Transmit_Interrupt
57893,136,8228,66257,102d1,Stream_Receive
58469,136,7732,66337,10321,Stream_Transmit
43773,136,7668,51577,c979,nRF24_Receive_Blocking
43877,136,7676,51689,c9e9,nRF24_Receive_Interrupt
43965,136,7676,51777,ca41,nRF24_Transmit_Blocking
44069,136,7684,51889,cab1,nRF24_Transmit_Interrupt
