text,data,bss,dec,hex,filename
34092,104,1023,35219,8993,AFSK_Imperial_March
33510,104,1023,34637,874d,AFSK_Tone
33636,104,1023,34763,87cb,AFSK_Tone_AM
38599,104,1058,39761,9b51,APRS_MicE
39485,104,1058,40647,9ec7,APRS_Position
38076,104,1036,39216,9930,APRS_Position_LoRa
35801,104,1033,36938,904a,AX25_Frames
35146,104,1033,36283,8dbb,AX25_Transmit
36008,104,1039,37151,911f,AX25_Transmit_AFSK
36473,104,1046,37623,92f7,BellModem_Transmit
23073,104,1003,24180,5e74,CC1101_Receive_Address
22947,104,1003,24054,5df6,CC1101_Receive_Blocking
23033,104,1004,24141,5e4d,CC1101_Receive_Interrupt
23205,104,1347,24656,6050,CC1101_Settings
21798,104,1003,22905,5979,CC1101_Transmit_Address
22730,104,1005,23839,5d1f,CC1101_Transmit_Blocking
22843,104,1008,23955,5d93,CC1101_Transmit_Interrupt
34488,150,1073,35711,8b7f,FSK4_Transmit
34526,150,1079,35755,8bab,FSK4_Transmit_AFSK
36805,104,1039,37948,943c,Hellschreiber_Transmit
36929,104,1045,38078,94be,Hellschreiber_Transmit_AFSK
28405,104,1041,29550,736e,LR11x0_Channel_Activity_Detection_Blocking
28641,104,1042,29787,745b,LR11x0_Channel_Activity_Detection_Interrupt
29716,104,1041,30861,788d,LR11x0_GFSK_Modem
29241,104,1106,30451,76f3,LR11x0_GNSS_Almanac_Update
30260,104,1056,31420,7abc,LR11x0_GNSS_Autonomous_Position
30174,104,1045,31323,7a5b,LR11x0_GNSS_Satellites
28182,104,1041,29327,728f,LR11x0_LR_FHSS_Modem
30002,104,1045,31151,79af,LR11x0_PingPong
29799,104,1041,30944,78e0,LR11x0_Receive_Blocking
29877,104,1042,31023,792f,LR11x0_Receive_Interrupt
29888,104,1043,31035,793b,LR11x0_Transmit_Blocking
29583,104,1046,30733,780d,LR11x0_Transmit_Interrupt
31525,104,1041,32670,7f9e,LR11x0_WiFi_Scan_Blocking
31649,104,1042,32795,801b,LR11x0_WiFi_Scan_Interrupt
35780,104,1076,36960,9060,Morse_Receive_AM
37004,104,1074,38182,9526,Morse_Transmit_AM
36866,104,1074,38044,949c,Morse_Transmit_FM
36830,104,1068,38002,9472,Morse_Transmit_SSB
39341,108,1056,40505,9e39,Pager_Receive
39414,104,1054,40572,9e7c,Pager_Transmit
35225,104,1017,36346,8dfa,PhysicalLayer_Interface
22055,104,1006,23165,5a7d,RF69_Receive_AES
22305,104,1006,23415,5b77,RF69_Receive_Address
22359,104,1006,23469,5bad,RF69_Receive_Blocking
22427,104,1007,23538,5bf2,RF69_Receive_Interrupt
23051,104,1353,24508,5fbc,RF69_Settings
21182,104,1006,22292,5714,RF69_Transmit_AES
21442,104,1006,22552,5818,RF69_Transmit_Address
22184,104,1008,23296,5b00,RF69_Transmit_Blocking
22299,104,1011,23414,5b76,RF69_Transmit_Interrupt
36950,104,1047,38101,94d5,RTTY_Transmit
36986,104,1053,38143,94ff,RTTY_Transmit_AFSK
35636,1384,1109,38129,94f1,SSTV_Transmit
35690,1384,1115,38189,952d,SSTV_Transmit_AFSK
22099,104,1007,23210,5aaa,SX123x_Receive_Blocking
22204,104,1009,23317,5b15,SX123x_Transmit_Blocking
38788,104,1069,39961,9c19,SX126x_Channel_Activity_Detection_Blocking
39014,104,1070,40188,9cfc,SX126x_Channel_Activity_Detection_Interrupt
40962,104,1071,42137,a499,SX126x_Channel_Activity_Detection_Receive
40287,104,1069,41460,a1f4,SX126x_FSK_Modem
40249,104,1071,41424,a1d0,SX126x_LR_FHSS_Transmit_Blocking
39894,104,1074,41072,a070,SX126x_LR_FHSS_Transmit_Interrupt
40425,104,1073,41602,a282,SX126x_PingPong
40524,104,1069,41697,a2e1,SX126x_Receive_Blocking
40608,104,1070,41782,a336,SX126x_Receive_Interrupt
42547,104,1477,44128,ac60,SX126x_Settings
41171,104,1069,42344,a568,SX126x_Spectrum_Scan
41625,104,1069,42798,a72e,SX126x_Spectrum_Scan_Frequency
40269,104,1071,41444,a1e4,SX126x_Transmit_Blocking
39982,104,1074,41160,a0c8,SX126x_Transmit_Interrupt
33104,104,1017,34225,85b1,SX127x_Channel_Activity_Detection_Blocking
33454,104,1019,34577,8711,SX127x_Channel_Activity_Detection_Interrupt
35514,104,1020,36638,8f1e,SX127x_Channel_Activity_Detection_Receive
35407,104,1017,36528,8eb0,SX127x_FSK_Modem
34841,104,1021,35966,8c7e,SX127x_PingPong
35058,104,1017,36179,8d53,SX127x_Receive_Blocking
33215,104,1017,34336,8620,SX127x_Receive_Direct
34734,104,1021,35859,8c13,SX127x_Receive_FHSS
35152,104,1018,36274,8db2,SX127x_Receive_Interrupt
38600,104,1375,40079,9c8f,SX127x_Settings
34673,104,1019,35796,8bd4,SX127x_Transmit_Blocking
35387,104,1031,36522,8eaa,SX127x_Transmit_FHSS
34386,104,1022,35512,8ab8,SX127x_Transmit_Interrupt
26970,104,1024,28098,6dc2,SX128x_BLE_Modem
25339,104,1024,26467,6763,SX128x_Channel_Activity_Detection_Blocking
25571,104,1025,26700,684c,SX128x_Channel_Activity_Detection_Interrupt
27044,104,1024,28172,6e0c,SX128x_FLRC_Modem
26657,104,1024,27785,6c89,SX128x_GFSK_Modem
26875,104,1024,28003,6d63,SX128x_Ranging
27123,104,1024,28251,6e5b,SX128x_Receive_Blocking
27217,104,1025,28346,6eba,SX128x_Receive_Interrupt
26927,104,1389,28420,6f04,SX128x_Settings
26428,104,1026,27558,6ba6,SX128x_Transmit_Blocking
26545,104,1029,27678,6c1e,SX128x_Transmit_Interrupt
24129,104,1001,25234,6292,Si443x_Receive_Blocking
24213,104,1002,25319,62e7,Si443x_Receive_Interrupt
24483,104,1343,25930,654a,Si443x_Settings
24354,104,1003,25461,6375,Si443x_Transmit_Blocking
24449,104,1006,25559,63d7,Si443x_Transmit_Interrupt
33774,104,1533,35411,8a53,Stream_Receive
34723,104,1031,35858,8c12,Stream_Transmit
17756,104,990,18850,49a2,nRF24_Receive_Blocking
17846,104,991,18941,49fd,nRF24_Receive_Interrupt
18131,104,992,19227,4b1b,nRF24_Transmit_Blocking
18218,104,995,19317,4b75,nRF24_Transmit_Interrupt
