text,data,bss,dec,hex,filename
55464,1344,4500,61308,ef7c,AFSK_Imperial_March
55328,656,4500,60484,ec44,AFSK_Tone
55424,656,4500,60580,eca4,AFSK_Tone_AM
59968,656,4564,65188,fea4,APRS_MicE
59664,656,4564,64884,fd74,APRS_Position
59624,656,4532,64812,fd2c,APRS_Position_LoRa
57112,656,4516,62284,f34c,AX25_Frames
56728,656,4516,61900,f1cc,AX25_Transmit
57216,656,4532,62404,f3c4,AX25_Transmit_AFSK
57936,656,4532,63124,f694,BellModem_Transmit
48528,656,4468,53652,d194,CC1101_Receive_Address
48384,656,4468,53508,d104,CC1101_Receive_Blocking
48456,656,4484,53596,d15c,CC1101_Receive_Interrupt
47712,656,4836,53204,cfd4,CC1101_Settings
47200,656,4468,52324,cc64,CC1101_Transmit_Address
47760,656,4484,52900,cea4,CC1101_Transmit_Blocking
47912,656,4484,53052,cf3c,CC1101_Transmit_Interrupt
55888,704,4548,61140,eed4,FSK4_Transmit
55912,704,4564,61180,eefc,FSK4_Transmit_AFSK
58216,656,4532,63404,f7ac,Hellschreiber_Transmit
58304,656,4532,63492,f804,Hellschreiber_Transmit_AFSK
53608,656,4516,58780,e59c,LR11x0_Channel_Activity_Detection_Blocking
53776,656,4516,58948,e644,LR11x0_Channel_Activity_Detection_Interrupt
54640,656,4516,59812,e9a4,LR11x0_GFSK_Modem
55600,656,4596,60852,edb4,LR11x0_GNSS_Almanac_Update
55752,656,4532,60940,ee0c,LR11x0_GNSS_Autonomous_Position
55072,656,4516,60244,eb54,LR11x0_GNSS_Satellites
53312,656,4516,58484,e474,LR11x0_LR_FHSS_Modem
55104,656,4532,60292,eb84,LR11x0_PingPong
54864,656,4516,60036,ea84,LR11x0_Receive_Blocking
54928,656,4516,60100,eac4,LR11x0_Receive_Interrupt
54968,656,4516,60140,eaec,LR11x0_Transmit_Blocking
54480,656,4532,59668,e914,LR11x0_Transmit_Interrupt
55984,656,4516,61156,eee4,LR11x0_WiFi_Scan_Blocking
56040,656,4516,61212,ef1c,LR11x0_WiFi_Scan_Interrupt
74608,656,6404,81668,13f04,LoRaWAN_ABP
78200,656,6484,85340,14d5c,LoRaWAN_Class_C
78304,656,6484,85444,14dc4,LoRaWAN_Multicast
76672,656,6404,83732,14714,LoRaWAN_Reference
74568,656,6404,81628,13edc,LoRaWAN_Starter
76760,656,6916,84332,1496c,LoRaWAN_TS_Packages
56456,656,4580,61692,f0fc,Morse_Receive_AM
58120,656,4564,63340,f76c,Morse_Transmit_AM
58032,656,4564,63252,f714,Morse_Transmit_FM
58000,656,4564,63220,f6f4,Morse_Transmit_SSB
57904,656,4548,63108,f684,Pager_Receive
57784,656,4548,62988,f60c,Pager_Transmit
56736,656,4500,61892,f1c4,PhysicalLayer_Interface
46984,656,4484,52124,cb9c,RF69_Receive_AES
47208,656,4484,52348,cc7c,RF69_Receive_Address
47536,656,4484,52676,cdc4,RF69_Receive_Blocking
47608,656,4484,52748,ce0c,RF69_Receive_Interrupt
47352,656,4836,52844,ce6c,RF69_Settings
46392,656,4484,51532,c94c,RF69_Transmit_AES
46616,656,4484,51756,ca2c,RF69_Transmit_Address
47016,656,4484,52156,cbbc,RF69_Transmit_Blocking
47168,656,4484,52308,cc54,RF69_Transmit_Interrupt
58104,656,4532,63292,f73c,RTTY_Transmit
58128,656,4548,63332,f764,RTTY_Transmit_AFSK
56776,1936,4628,63340,f76c,SSTV_Transmit
56824,1936,4644,63404,f7ac,SSTV_Transmit_AFSK
47112,656,4484,52252,cc1c,SX123x_Receive_Blocking
47224,656,4484,52364,cc8c,SX123x_Transmit_Blocking
57256,656,4564,62476,f40c,SX126x_Channel_Activity_Detection_Blocking
57424,656,4564,62644,f4b4,SX126x_Channel_Activity_Detection_Interrupt
59200,656,4564,64420,fba4,SX126x_Channel_Activity_Detection_Receive
58416,656,4564,63636,f894,SX126x_FSK_Modem
58656,656,4564,63876,f984,SX126x_LR_FHSS_Transmit_Blocking
58136,656,4580,63372,f78c,SX126x_LR_FHSS_Transmit_Interrupt
58816,656,4580,64052,fa34,SX126x_PingPong
58856,656,4564,64076,fa4c,SX126x_Receive_Blocking
58920,656,4564,64140,fa8c,SX126x_Receive_Interrupt
59192,656,5012,64860,fd5c,SX126x_Settings
59424,656,4564,64644,fc84,SX126x_Spectrum_Scan
60104,656,4564,65324,ff2c,SX126x_Spectrum_Scan_Frequency
58672,656,4564,63892,f994,SX126x_Transmit_Blocking
58136,656,4580,63372,f78c,SX126x_Transmit_Interrupt
55104,656,4500,60260,eb64,SX127x_Channel_Activity_Detection_Blocking
55280,656,4500,60436,ec14,SX127x_Channel_Activity_Detection_Interrupt
57024,656,4500,62180,f2e4,SX127x_Channel_Activity_Detection_Receive
56832,656,4500,61988,f224,SX127x_FSK_Modem
56488,656,4500,61644,f0cc,SX127x_PingPong
56632,656,4500,61788,f15c,SX127x_Receive_Blocking
55312,656,4500,60468,ec34,SX127x_Receive_Direct
56248,688,4500,61436,effc,SX127x_Receive_FHSS
56728,656,4500,61884,f1bc,SX127x_Receive_Interrupt
59136,656,4868,64660,fc94,SX127x_Settings
56352,656,4500,61508,f044,SX127x_Transmit_Blocking
56736,688,4532,61956,f204,SX127x_Transmit_FHSS
56016,656,4500,61172,eef4,SX127x_Transmit_Interrupt
50792,656,4500,55948,da8c,SX128x_BLE_Modem
49480,656,4500,54636,d56c,SX128x_Channel_Activity_Detection_Blocking
49656,656,4500,54812,d61c,SX128x_Channel_Activity_Detection_Interrupt
50816,656,4500,55972,daa4,SX128x_FLRC_Modem
50520,656,4500,55676,d97c,SX128x_GFSK_Modem
51008,656,4500,56164,db64,SX128x_Ranging
51088,656,4500,56244,dbb4,SX128x_Receive_Blocking
51168,656,4500,56324,dc04,SX128x_Receive_Interrupt
50432,656,4884,55972,daa4,SX128x_Settings
50216,656,4500,55372,d84c,SX128x_Transmit_Blocking
50368,656,4516,55540,d8f4,SX128x_Transmit_Interrupt
48120,656,4468,53244,cffc,Si443x_Receive_Blocking
48200,656,4468,53324,d04c,Si443x_Receive_Interrupt
48272,656,4820,53748,d1f4,Si443x_Settings
48280,656,4468,53404,d09c,Si443x_Transmit_Blocking
48408,656,4484,53548,d12c,Si443x_Transmit_Interrupt
55400,656,5012,61068,ee8c,Stream_Receive
56272,656,4532,61460,f014,Stream_Transmit
42472,656,4452,47580,b9dc,nRF24_Receive_Blocking
42552,656,4468,47676,ba3c,nRF24_Receive_Interrupt
42632,656,4468,47756,ba8c,nRF24_Transmit_Blocking
42720,656,4468,47844,bae4,nRF24_Transmit_Interrupt
