text,data,bss,dec,hex,filename
43192,864,3668,47724,ba6c,AFSK_Imperial_March
43060,176,3668,46904,b738,AFSK_Tone
43148,176,3668,46992,b790,AFSK_Tone_AM
55500,544,3724,59768,e978,APRS_MicE
55212,544,3724,59480,e858,APRS_Position
55132,544,3692,59368,e7e8,APRS_Position_LoRa
44836,176,3684,48696,be38,AX25_Frames
44464,176,3684,48324,bcc4,AX25_Transmit
44980,176,3692,48848,bed0,AX25_Transmit_AFSK
45760,176,3700,49636,c1e4,BellModem_Transmit
34860,176,3644,38680,9718,CC1101_Receive_Address
34708,176,3644,38528,9680,CC1101_Receive_Blocking
34792,176,3652,38620,96dc,CC1101_Receive_Interrupt
34200,176,4004,38380,95ec,CC1101_Settings
33704,176,3644,37524,9294,CC1101_Transmit_Address
34240,176,3652,38068,94b4,CC1101_Transmit_Blocking
34392,176,3660,38228,9554,CC1101_Transmit_Interrupt
43676,224,3716,47616,ba00,FSK4_Transmit
43704,224,3724,47652,ba24,FSK4_Transmit_AFSK
46068,176,3692,49936,c310,Hellschreiber_Transmit
46152,176,3700,50028,c36c,Hellschreiber_Transmit_AFSK
41212,176,3684,45072,b010,LR11x0_Channel_Activity_Detection_Blocking
41384,176,3692,45252,b0c4,LR11x0_Channel_Activity_Detection_Interrupt
42184,176,3684,46044,b3dc,LR11x0_GFSK_Modem
43180,176,3764,47120,b810,LR11x0_GNSS_Almanac_Update
43252,176,3700,47128,b818,LR11x0_GNSS_Autonomous_Position
42664,176,3692,46532,b5c4,LR11x0_GNSS_Satellites
40916,176,3684,44776,aee8,LR11x0_LR_FHSS_Modem
42604,176,3700,46480,b590,LR11x0_PingPong
42356,176,3684,46216,b488,LR11x0_Receive_Blocking
42428,176,3692,46296,b4d8,LR11x0_Receive_Interrupt
42488,176,3692,46356,b514,LR11x0_Transmit_Blocking
42068,176,3700,45944,b378,LR11x0_Transmit_Interrupt
43504,176,3684,47364,b904,LR11x0_WiFi_Scan_Blocking
43568,176,3692,47436,b94c,LR11x0_WiFi_Scan_Interrupt
60264,176,5036,65476,ffc4,LoRaWAN_ABP
62384,176,5044,67604,10814,LoRaWAN_Reference
60228,176,5044,65448,ffa8,LoRaWAN_Starter
44584,544,3740,48868,bee4,Morse_Receive_AM
46316,544,3732,50592,c5a0,Morse_Transmit_AM
46224,544,3732,50500,c544,Morse_Transmit_FM
46196,544,3724,50464,c520,Morse_Transmit_SSB
45696,176,3708,49580,c1ac,Pager_Receive
45572,176,3708,49456,c130,Pager_Transmit
44496,176,3660,48332,bccc,PhysicalLayer_Interface
34300,176,3652,38128,94f0,RF69_Receive_AES
34524,176,3652,38352,95d0,RF69_Receive_Address
34716,176,3652,38544,9690,RF69_Receive_Blocking
34800,176,3660,38636,96ec,RF69_Receive_Interrupt
34696,176,4020,38892,97ec,RF69_Settings
33744,176,3652,37572,92c4,RF69_Transmit_AES
33972,176,3652,37800,93a8,RF69_Transmit_Address
34352,176,3660,38188,952c,RF69_Transmit_Blocking
34500,176,3668,38344,95c8,RF69_Transmit_Interrupt
45960,176,3700,49836,c2ac,RTTY_Transmit
45984,176,3708,49868,c2cc,RTTY_Transmit_AFSK
44572,1456,3796,49824,c2a0,SSTV_Transmit
44616,1456,3804,49876,c2d4,SSTV_Transmit_AFSK
34384,176,3652,38212,9544,SX123x_Receive_Blocking
34512,176,3660,38348,95cc,SX123x_Transmit_Blocking
44868,176,3724,48768,be80,SX126x_Channel_Activity_Detection_Blocking
45040,176,3732,48948,bf34,SX126x_Channel_Activity_Detection_Interrupt
46824,176,3732,50732,c62c,SX126x_Channel_Activity_Detection_Receive
45984,176,3724,49884,c2dc,SX126x_FSK_Modem
45164,176,3724,49064,bfa8,SX126x_LR_FHSS_Modem
46264,176,3740,50180,c404,SX126x_PingPong
46472,176,3724,50372,c4c4,SX126x_Receive_Blocking
46548,176,3732,50456,c518,SX126x_Receive_Interrupt
46724,176,4164,51064,c778,SX126x_Settings
47048,176,3724,50948,c704,SX126x_Spectrum_Scan
47604,176,3724,51504,c930,SX126x_Spectrum_Scan_Frequency
46140,176,3732,50048,c380,SX126x_Transmit_Blocking
45728,176,3740,49644,c1ec,SX126x_Transmit_Interrupt
42828,176,3660,46664,b648,SX127x_Channel_Activity_Detection_Blocking
43004,176,3668,46848,b700,SX127x_Channel_Activity_Detection_Interrupt
44868,176,3668,48712,be48,SX127x_Channel_Activity_Detection_Receive
44516,176,3660,48352,bce0,SX127x_FSK_Modem
44252,176,3668,48096,bbe0,SX127x_PingPong
44472,176,3660,48308,bcb4,SX127x_Receive_Blocking
43032,176,3660,46868,b714,SX127x_Receive_Direct
43940,208,3668,47816,bac8,SX127x_Receive_FHSS
44580,176,3660,48416,bd20,SX127x_Receive_Interrupt
46764,176,4028,50968,c718,SX127x_Settings
44128,176,3660,47964,bb5c,SX127x_Transmit_Blocking
44468,208,3692,48368,bcf0,SX127x_Transmit_FHSS
43716,176,3668,47560,b9c8,SX127x_Transmit_Interrupt
37156,176,3660,40992,a020,SX128x_BLE_Modem
35884,176,3660,39720,9b28,SX128x_Channel_Activity_Detection_Blocking
36060,176,3660,39896,9bd8,SX128x_Channel_Activity_Detection_Interrupt
37184,176,3660,41020,a03c,SX128x_FLRC_Modem
36876,176,3660,40712,9f08,SX128x_GFSK_Modem
37692,176,3660,41528,a238,SX128x_Ranging
37716,176,3660,41552,a250,SX128x_Receive_Blocking
37804,176,3660,41640,a2a8,SX128x_Receive_Interrupt
36828,176,4028,41032,a048,SX128x_Settings
36596,176,3660,40432,9df0,SX128x_Transmit_Blocking
36748,176,3668,40592,9e90,SX128x_Transmit_Interrupt
35296,176,3644,39116,98cc,Si443x_Receive_Blocking
35380,176,3644,39200,9920,Si443x_Receive_Interrupt
35480,176,3996,39652,9ae4,Si443x_Settings
35472,176,3644,39292,997c,Si443x_Transmit_Blocking
35600,176,3652,39428,9a04,Si443x_Transmit_Interrupt
43124,176,4180,47480,b978,Stream_Receive
43996,176,3692,47864,baf8,Stream_Transmit
22272,176,3628,26076,65dc,nRF24_Receive_Blocking
22364,176,3636,26176,6640,nRF24_Receive_Interrupt
22448,176,3636,26260,6694,nRF24_Transmit_Blocking
22540,176,3644,26360,66f8,nRF24_Transmit_Interrupt
