text,data,bss,dec,hex,filename
38208,11968,14656,64832,fd40,AFSK_Imperial_March
38208,10944,14656,63808,f940,AFSK_Tone
38208,10944,14656,63808,f940,AFSK_Tone_AM
64832,12992,14720,92544,16980,APRS_MicE
63808,12992,14720,91520,16580,APRS_Position
63808,12992,14688,91488,16560,APRS_Position_LoRa
40256,10944,14688,65888,10160,AX25_Frames
39232,10944,14688,64864,fd60,AX25_Transmit
40256,10944,14688,65888,10160,AX25_Transmit_AFSK
41280,10944,14688,66912,10560,BellModem_Transmit
31040,10944,14624,56608,dd20,CC1101_Receive_Address
31040,10944,14624,56608,dd20,CC1101_Receive_Blocking
31040,10944,14624,56608,dd20,CC1101_Receive_Interrupt
30016,11968,15008,56992,dea0,CC1101_Settings
30016,10944,14624,55584,d920,CC1101_Transmit_Address
32064,10944,14656,57664,e140,CC1101_Transmit_Blocking
32064,10944,14656,57664,e140,CC1101_Transmit_Interrupt
38208,10944,14720,63872,f980,FSK4_Transmit
38208,10944,14720,63872,f980,FSK4_Transmit_AFSK
41280,10944,14688,66912,10560,Hellschreiber_Transmit
41280,10944,14688,66912,10560,Hellschreiber_Transmit_AFSK
36160,11968,14688,62816,f560,LR11x0_Channel_Activity_Detection_Blocking
36160,11968,14688,62816,f560,LR11x0_Channel_Activity_Detection_Interrupt
281920,11968,14688,308576,4b560,LR11x0_Firmware_Update
37184,11968,14688,63840,f960,LR11x0_GFSK_Modem
38208,11968,14752,64928,fda0,LR11x0_GNSS_Almanac_Update
38208,11968,14688,64864,fd60,LR11x0_GNSS_Autonomous_Position
37184,11968,14688,63840,f960,LR11x0_GNSS_Satellites
36160,10944,14688,61792,f160,LR11x0_LR_FHSS_Modem
37184,11968,14688,63840,f960,LR11x0_PingPong
37184,11968,14688,63840,f960,LR11x0_Receive_Blocking
37184,11968,14688,63840,f960,LR11x0_Receive_Interrupt
39232,11968,14688,65888,10160,LR11x0_Transmit_Blocking
38208,11968,14688,64864,fd60,LR11x0_Transmit_Interrupt
38208,11968,14688,64864,fd60,LR11x0_WiFi_Scan_Blocking
38208,11968,14688,64864,fd60,LR11x0_WiFi_Scan_Interrupt
39232,11968,14720,65920,10180,Morse_Receive_AM
41280,11968,14720,67968,10980,Morse_Transmit_AM
41280,11968,14720,67968,10980,Morse_Transmit_FM
41280,11968,14720,67968,10980,Morse_Transmit_SSB
41280,10944,14688,66912,10560,Pager_Receive
40256,10944,14688,65888,10160,Pager_Transmit
39232,11968,14656,65856,10140,PhysicalLayer_Interface
30016,10944,14656,55616,d940,RF69_Receive_AES
31040,10944,14656,56640,dd40,RF69_Receive_Address
31040,10944,14656,56640,dd40,RF69_Receive_Blocking
31040,10944,14656,56640,dd40,RF69_Receive_Interrupt
30016,11968,15008,56992,dea0,RF69_Settings
30016,10944,14656,55616,d940,RF69_Transmit_AES
30016,10944,14656,55616,d940,RF69_Transmit_Address
32064,10944,14656,57664,e140,RF69_Transmit_Blocking
32064,10944,14656,57664,e140,RF69_Transmit_Interrupt
41280,10944,14688,66912,10560,RTTY_Transmit
41280,10944,14688,66912,10560,RTTY_Transmit_AFSK
39232,12992,14784,67008,105c0,SSTV_Transmit
39232,12992,14784,67008,105c0,SSTV_Transmit_AFSK
30016,10944,14656,55616,d940,SX123x_Receive_Blocking
32064,10944,14656,57664,e140,SX123x_Transmit_Blocking
41280,11968,14720,67968,10980,SX126x_Channel_Activity_Detection_Blocking
41280,11968,14720,67968,10980,SX126x_Channel_Activity_Detection_Interrupt
43328,11968,14720,70016,11180,SX126x_Channel_Activity_Detection_Receive
42304,11968,14720,68992,10d80,SX126x_FSK_Modem
41280,11968,14720,67968,10980,SX126x_LR_FHSS_Modem
42304,11968,14720,68992,10d80,SX126x_PingPong
43328,11968,14720,70016,11180,SX126x_Receive_Blocking
43328,11968,14720,70016,11180,SX126x_Receive_Interrupt
43328,11968,15168,70464,11340,SX126x_Settings
43328,11968,14720,70016,11180,SX126x_Spectrum_Scan
43328,11968,14720,70016,11180,SX126x_Spectrum_Scan_Frequency
44352,11968,14720,71040,11580,SX126x_Transmit_Blocking
43328,11968,14720,70016,11180,SX126x_Transmit_Interrupt
37184,10944,14656,62784,f540,SX127x_Channel_Activity_Detection_Blocking
38208,10944,14656,63808,f940,SX127x_Channel_Activity_Detection_Interrupt
39232,11968,14656,65856,10140,SX127x_Channel_Activity_Detection_Receive
39232,11968,14656,65856,10140,SX127x_FSK_Modem
39232,10944,14656,64832,fd40,SX127x_PingPong
39232,10944,14656,64832,fd40,SX127x_Receive_Blocking
38208,10944,14656,63808,f940,SX127x_Receive_Direct
39232,11968,14656,65856,10140,SX127x_Receive_FHSS
39232,10944,14656,64832,fd40,SX127x_Receive_Interrupt
41280,11968,15008,68256,10aa0,SX127x_Settings
40256,10944,14656,65856,10140,SX127x_Transmit_Blocking
40256,11968,14688,66912,10560,SX127x_Transmit_FHSS
40256,10944,14656,65856,10140,SX127x_Transmit_Interrupt
33088,11968,14656,59712,e940,SX128x_BLE_Modem
31040,11968,14656,57664,e140,SX128x_Channel_Activity_Detection_Blocking
31040,11968,14656,57664,e140,SX128x_Channel_Activity_Detection_Interrupt
33088,11968,14656,59712,e940,SX128x_FLRC_Modem
33088,11968,14656,59712,e940,SX128x_GFSK_Modem
33088,11968,14656,59712,e940,SX128x_Ranging
33088,11968,14656,59712,e940,SX128x_Receive_Blocking
33088,11968,14656,59712,e940,SX128x_Receive_Interrupt
32064,11968,15008,59040,e6a0,SX128x_Settings
34112,11968,14656,60736,ed40,SX128x_Transmit_Blocking
34112,11968,14656,60736,ed40,SX128x_Transmit_Interrupt
30016,10944,14624,55584,d920,Si443x_Receive_Blocking
30016,10944,14624,55584,d920,Si443x_Receive_Interrupt
30016,11968,14976,56960,de80,Si443x_Settings
32064,10944,14624,57632,e120,Si443x_Transmit_Blocking
32064,10944,14656,57664,e140,Si443x_Transmit_Interrupt
38208,10944,15168,64320,fb40,Stream_Receive
38208,11968,14688,64864,fd60,Stream_Transmit
26944,10944,14624,52512,cd20,nRF24_Receive_Blocking
26944,10944,14624,52512,cd20,nRF24_Receive_Interrupt
28992,10944,14624,54560,d520,nRF24_Transmit_Blocking
28992,10944,14624,54560,d520,nRF24_Transmit_Interrupt
