text,data,bss,dec,hex,filename
32958,690,773,34421,8675,AFSK_Imperial_March
32698,346,773,33817,8419,AFSK_Tone
32830,346,773,33949,849d,AFSK_Tone_AM
37700,396,808,38904,97f8,APRS_MicE
38526,494,808,39828,9b94,APRS_Position
37240,432,786,38458,963a,APRS_Position_LoRa
34880,408,783,36071,8ce7,AX25_Frames
34468,370,783,35621,8b25,AX25_Transmit
35316,388,789,36493,8e8d,AX25_Transmit_AFSK
35458,416,796,36670,8f3e,BellModem_Transmit
22268,384,757,23409,5b71,CC1101_Receive_Address
22148,384,757,23289,5af9,CC1101_Receive_Blocking
22244,384,758,23386,5b5a,CC1101_Receive_Interrupt
22298,372,1101,23771,5cdb,CC1101_Settings
20960,384,757,22101,5655,CC1101_Transmit_Address
21900,386,759,23045,5a05,CC1101_Transmit_Blocking
22002,400,762,23164,5a7c,CC1101_Transmit_Interrupt
33634,392,823,34849,8821,FSK4_Transmit
33660,392,829,34881,8841,FSK4_Transmit_AFSK
35836,392,789,37017,9099,Hellschreiber_Transmit
35936,408,795,37139,9113,Hellschreiber_Transmit_AFSK
26542,564,795,27901,6cfd,LR11x0_Channel_Activity_Detection_Blocking
26782,564,796,28142,6dee,LR11x0_Channel_Activity_Detection_Interrupt
28090,396,795,29281,7261,LR11x0_GFSK_Modem
27402,564,860,28826,709a,LR11x0_GNSS_Almanac_Update
28442,580,810,29832,7488,LR11x0_GNSS_Autonomous_Position
28284,572,799,29655,73d7,LR11x0_GNSS_Satellites
26478,392,795,27665,6c11,LR11x0_LR_FHSS_Modem
28196,588,799,29583,738f,LR11x0_PingPong
28036,576,795,29407,72df,LR11x0_Receive_Blocking
28122,576,796,29494,7336,LR11x0_Receive_Interrupt
27954,590,797,29341,729d,LR11x0_Transmit_Blocking
27660,592,800,29052,717c,LR11x0_Transmit_Interrupt
29932,598,795,31325,7a5d,LR11x0_WiFi_Scan_Blocking
30052,598,796,31446,7ad6,LR11x0_WiFi_Scan_Interrupt
59218,1756,1993,62967,f5f7,LoRaWAN_ABP
61578,1788,1991,65357,ff4d,LoRaWAN_Reference
59228,1756,1991,62975,f5ff,LoRaWAN_Starter
34890,356,826,36072,8ce8,Morse_Receive_AM
35958,384,824,37166,912e,Morse_Transmit_AM
35820,384,824,37028,90a4,Morse_Transmit_FM
35796,384,818,36998,9086,Morse_Transmit_SSB
38556,358,806,39720,9b28,Pager_Receive
38580,376,804,39760,9b50,Pager_Transmit
34348,372,767,35487,8a9f,PhysicalLayer_Interface
21528,348,761,22637,586d,RF69_Receive_AES
21794,332,761,22887,5967,RF69_Receive_Address
21836,344,761,22941,599d,RF69_Receive_Blocking
21914,344,762,23020,59ec,RF69_Receive_Interrupt
22374,340,1109,23823,5d0f,RF69_Settings
20668,360,761,21789,551d,RF69_Transmit_AES
20932,344,761,22037,5615,RF69_Transmit_Address
21638,346,763,22747,58db,RF69_Transmit_Blocking
21744,360,766,22870,5956,RF69_Transmit_Interrupt
35948,382,797,37127,9107,RTTY_Transmit
35972,382,803,37157,9125,RTTY_Transmit_AFSK
34706,1706,859,37271,9197,SSTV_Transmit
34754,1706,865,37325,91cd,SSTV_Transmit_AFSK
21610,334,762,22706,58b2,SX123x_Receive_Blocking
21672,348,764,22784,5900,SX123x_Transmit_Blocking
36962,588,823,38373,95e5,SX126x_Channel_Activity_Detection_Blocking
37186,588,824,38598,96c6,SX126x_Channel_Activity_Detection_Interrupt
39106,600,825,40531,9e53,SX126x_Channel_Activity_Detection_Receive
38418,610,823,39851,9bab,SX126x_FSK_Modem
38350,616,825,39791,9b6f,SX126x_LR_FHSS_Transmit_Blocking
38004,616,828,39448,9a18,SX126x_LR_FHSS_Transmit_Interrupt
38550,614,827,39991,9c37,SX126x_PingPong
38658,600,823,40081,9c91,SX126x_Receive_Blocking
38742,600,824,40166,9ce6,SX126x_Receive_Interrupt
39836,832,1231,41899,a3ab,SX126x_Settings
39324,600,823,40747,9f2b,SX126x_Spectrum_Scan
39764,618,823,41205,a0f5,SX126x_Spectrum_Scan_Frequency
38376,616,825,39817,9b89,SX126x_Transmit_Blocking
38086,616,828,39530,9a6a,SX126x_Transmit_Interrupt
32306,346,767,33419,828b,SX127x_Channel_Activity_Detection_Blocking
32662,346,769,33777,83f1,SX127x_Channel_Activity_Detection_Interrupt
34688,358,770,35816,8be8,SX127x_Channel_Activity_Detection_Receive
34526,368,767,35661,8b4d,SX127x_FSK_Modem
33994,372,771,35137,8941,SX127x_PingPong
34216,358,767,35341,8a0d,SX127x_Receive_Blocking
32380,388,767,33535,82ff,SX127x_Receive_Direct
33900,370,771,35041,88e1,SX127x_Receive_FHSS
34314,358,768,35440,8a70,SX127x_Receive_Interrupt
37722,572,1121,39415,99f7,SX127x_Settings
33812,374,769,34955,888b,SX127x_Transmit_Blocking
34518,592,781,35891,8c33,SX127x_Transmit_FHSS
33520,374,772,34666,876a,SX127x_Transmit_Interrupt
25050,360,773,26183,6647,SX128x_BLE_Modem
23390,348,773,24511,5fbf,SX128x_Channel_Activity_Detection_Blocking
23620,348,774,24742,60a6,SX128x_Channel_Activity_Detection_Interrupt
25140,368,773,26281,66a9,SX128x_FLRC_Modem
24754,366,773,25893,6525,SX128x_GFSK_Modem
25518,396,773,26687,683f,SX128x_Ranging
25888,360,773,27021,698d,SX128x_Receive_Blocking
25984,360,774,27118,69ee,SX128x_Receive_Interrupt
24978,456,1133,26567,67c7,SX128x_Settings
24418,362,775,25555,63d3,SX128x_Transmit_Blocking
24526,376,778,25680,6450,SX128x_Transmit_Interrupt
23510,334,754,24598,6016,Si443x_Receive_Blocking
23600,334,755,24689,6071,Si443x_Receive_Interrupt
23694,338,1095,25127,6227,Si443x_Settings
23694,348,756,24798,60de,Si443x_Transmit_Blocking
23778,362,759,24899,6143,Si443x_Transmit_Interrupt
32976,346,1283,34605,872d,Stream_Receive
33492,860,781,35133,893d,Stream_Transmit
17208,336,744,18288,4770,nRF24_Receive_Blocking
17310,336,745,18391,47d7,nRF24_Receive_Interrupt
17544,352,746,18642,48d2,nRF24_Transmit_Blocking
17620,364,749,18733,492d,nRF24_Transmit_Interrupt
