text,data,bss,dec,hex,filename
117565,0,39940,157505,26741,AFSK_Imperial_March
116742,0,39940,156682,2640a,AFSK_Tone
116833,0,39940,156773,26465,AFSK_Tone_AM
120666,0,39996,160662,27396,APRS_MicE
120374,0,39996,160370,27272,APRS_Position
120326,0,39964,160290,27222,APRS_Position_LoRa
118519,0,39956,158475,26b0b,AX25_Frames
118147,0,39956,158103,26997,AX25_Transmit
118640,0,39964,158604,26b8c,AX25_Transmit_AFSK
119277,0,39972,159249,26e11,BellModem_Transmit
110257,0,39916,150173,24a9d,CC1101_Receive_Address
110107,0,39916,150023,24a07,CC1101_Receive_Blocking
110193,0,39916,150109,24a5d,CC1101_Receive_Interrupt
109546,0,40276,149822,2493e,CC1101_Settings
109048,0,39916,148964,245e4,CC1101_Transmit_Address
109499,0,39924,149423,247af,CC1101_Transmit_Blocking
109651,0,39924,149575,24847,CC1101_Transmit_Interrupt
117365,0,39996,157361,266b1,FSK4_Transmit
117393,0,40004,157397,266d5,FSK4_Transmit_AFSK
119569,0,39972,159541,26f35,Hellschreiber_Transmit
119649,0,39980,159629,26f8d,Hellschreiber_Transmit_AFSK
115244,0,39964,155208,25e48,LR11x0_Channel_Activity_Detection_Blocking
115417,0,39964,155381,25ef5,LR11x0_Channel_Activity_Detection_Interrupt
360924,0,39964,400888,61df8,LR11x0_Firmware_Update
116126,0,39964,156090,261ba,LR11x0_GFSK_Modem
117178,0,40044,157222,26626,LR11x0_GNSS_Almanac_Update
117387,0,39980,157367,266b7,LR11x0_GNSS_Autonomous_Position
116663,0,39964,156627,263d3,LR11x0_GNSS_Satellites
114945,0,39964,154909,25d1d,LR11x0_LR_FHSS_Modem
116651,0,39964,156615,263c7,LR11x0_PingPong
116405,0,39964,156369,262d1,LR11x0_Receive_Blocking
116479,0,39964,156443,2631b,LR11x0_Receive_Interrupt
116537,0,39964,156501,26355,LR11x0_Transmit_Blocking
116013,0,39972,155985,26151,LR11x0_Transmit_Interrupt
117522,0,39964,157486,2672e,LR11x0_WiFi_Scan_Blocking
117587,0,39964,157551,2676f,LR11x0_WiFi_Scan_Interrupt
135122,0,41436,176558,2b1ae,LoRaWAN_ABP
138549,0,41516,180065,2bf61,LoRaWAN_Class_C
138652,0,41524,180176,2bfd0,LoRaWAN_Multicast
137146,0,41444,178590,2b99e,LoRaWAN_Reference
135045,0,41444,176489,2b169,LoRaWAN_Starter
136495,0,41964,178459,2b91b,LoRaWAN_TS_Packages
117900,0,40004,157904,268d0,Morse_Receive_AM
119490,0,40004,159494,26f06,Morse_Transmit_AM
119399,0,40004,159403,26eab,Morse_Transmit_FM
119373,0,39996,159369,26e89,Morse_Transmit_SSB
119248,0,39988,159236,26e04,Pager_Receive
119216,0,39988,159204,26de4,Pager_Transmit
118030,0,39932,157962,2690a,PhysicalLayer_Interface
108649,0,39924,148573,2445d,RF69_Receive_AES
108878,0,39924,148802,24542,RF69_Receive_Address
109233,0,39924,149157,246a5,RF69_Receive_Blocking
109317,0,39924,149241,246f9,RF69_Receive_Interrupt
109136,0,40284,149420,247ac,RF69_Settings
108185,0,39924,148109,2428d,RF69_Transmit_AES
108414,0,39924,148338,24372,RF69_Transmit_Address
108705,0,39924,148629,24495,RF69_Transmit_Blocking
108855,0,39932,148787,24533,RF69_Transmit_Interrupt
119473,0,39980,159453,26edd,RTTY_Transmit
119499,0,39988,159487,26eff,RTTY_Transmit_AFSK
119474,0,40068,159542,26f36,SSTV_Transmit
119516,0,40076,159592,26f68,SSTV_Transmit_AFSK
108753,0,39924,148677,244c5,SX123x_Receive_Blocking
108881,0,39932,148813,2454d,SX123x_Transmit_Blocking
118509,0,40004,158513,26b31,SX126x_Channel_Activity_Detection_Blocking
118682,0,40004,158686,26bde,SX126x_Channel_Activity_Detection_Interrupt
120356,0,40004,160360,27268,SX126x_Channel_Activity_Detection_Receive
119534,0,40004,159538,26f32,SX126x_FSK_Modem
119838,0,40012,159850,2706a,SX126x_LR_FHSS_Transmit_Blocking
119286,0,40012,159298,26e42,SX126x_LR_FHSS_Transmit_Interrupt
119980,0,40012,159992,270f8,SX126x_PingPong
120005,0,40004,160009,27109,SX126x_Receive_Blocking
120079,0,40004,160083,27153,SX126x_Receive_Interrupt
120394,0,40452,160846,2744e,SX126x_Settings
120687,0,40004,160691,273b3,SX126x_Spectrum_Scan
121407,0,40004,161411,27683,SX126x_Spectrum_Scan_Frequency
119858,0,40012,159870,2707e,SX126x_Transmit_Blocking
119282,0,40012,159294,26e3e,SX126x_Transmit_Interrupt
116516,0,39932,156448,26320,SX127x_Channel_Activity_Detection_Blocking
116692,0,39932,156624,263d0,SX127x_Channel_Activity_Detection_Interrupt
118339,0,39932,158271,26a3f,SX127x_Channel_Activity_Detection_Receive
118060,0,39932,157992,26928,SX127x_FSK_Modem
117790,0,39940,157730,26822,SX127x_PingPong
117930,0,39932,157862,268a6,SX127x_Receive_Blocking
116688,0,39932,156620,263cc,SX127x_Receive_Direct
117572,0,39940,157512,26748,SX127x_Receive_FHSS
118037,0,39932,157969,26911,SX127x_Receive_Interrupt
120438,0,40308,160746,273ea,SX127x_Settings
117676,0,39940,157616,267b0,SX127x_Transmit_Blocking
118076,0,39956,158032,26950,SX127x_Transmit_FHSS
117316,0,39940,157256,26648,SX127x_Transmit_Interrupt
111462,0,39940,151402,24f6a,SX128x_BLE_Modem
110279,0,39940,150219,24acb,SX128x_Channel_Activity_Detection_Blocking
110456,0,39940,150396,24b7c,SX128x_Channel_Activity_Detection_Interrupt
111490,0,39940,151430,24f86,SX128x_FLRC_Modem
111186,0,39940,151126,24e56,SX128x_GFSK_Modem
112128,0,39940,152068,25204,SX128x_Ranging
112055,0,39940,151995,251bb,SX128x_Receive_Blocking
112141,0,39940,152081,25211,SX128x_Receive_Interrupt
111223,0,40316,151539,24ff3,SX128x_Settings
110904,0,39940,150844,24d3c,SX128x_Transmit_Blocking
111056,0,39948,151004,24ddc,SX128x_Transmit_Interrupt
109565,0,39916,149481,247e9,Si443x_Receive_Blocking
109648,0,39916,149564,2483c,Si443x_Receive_Interrupt
109836,0,40268,150104,24a58,Si443x_Settings
109750,0,39916,149666,248a2,Si443x_Transmit_Blocking
109869,0,39924,149793,24921,Si443x_Transmit_Interrupt
116809,0,40452,157261,2664d,Stream_Receive
117592,0,39956,157548,2676c,Stream_Transmit
105641,0,39900,145541,23885,nRF24_Receive_Blocking
105732,0,39900,145632,238e0,nRF24_Receive_Interrupt
105819,0,39908,145727,2393f,nRF24_Transmit_Blocking
105911,0,39908,145819,2399b,nRF24_Transmit_Interrupt
