text,data,bss,dec,hex,filename
33214,736,775,34725,87a5,AFSK_Imperial_March
32954,392,775,34121,8549,AFSK_Tone
33086,392,775,34253,85cd,AFSK_Tone_AM
37974,442,810,39226,993a,APRS_MicE
38800,540,810,40150,9cd6,APRS_Position
37486,478,788,38752,9760,APRS_Position_LoRa
35128,454,785,36367,8e0f,AX25_Frames
34716,416,785,35917,8c4d,AX25_Transmit
35570,434,791,36795,8fbb,AX25_Transmit_AFSK
35744,462,798,37004,908c,BellModem_Transmit
22422,430,759,23611,5c3b,CC1101_Receive_Address
22302,430,759,23491,5bc3,CC1101_Receive_Blocking
22398,430,760,23588,5c24,CC1101_Receive_Interrupt
22338,418,1103,23859,5d33,CC1101_Settings
21114,430,759,22303,571f,CC1101_Transmit_Address
22054,432,761,23247,5acf,CC1101_Transmit_Blocking
22156,446,764,23366,5b46,CC1101_Transmit_Interrupt
33904,438,825,35167,895f,FSK4_Transmit
33940,438,831,35209,8989,FSK4_Transmit_AFSK
36102,438,791,37331,91d3,Hellschreiber_Transmit
36214,454,797,37465,9259,Hellschreiber_Transmit_AFSK
26784,610,797,28191,6e1f,LR11x0_Channel_Activity_Detection_Blocking
27024,610,798,28432,6f10,LR11x0_Channel_Activity_Detection_Interrupt
28332,442,797,29571,7383,LR11x0_GFSK_Modem
27640,610,862,29112,71b8,LR11x0_GNSS_Almanac_Update
28680,626,812,30118,75a6,LR11x0_GNSS_Autonomous_Position
28522,618,801,29941,74f5,LR11x0_GNSS_Satellites
26720,438,797,27955,6d33,LR11x0_LR_FHSS_Modem
28438,634,801,29873,74b1,LR11x0_PingPong
28278,622,797,29697,7401,LR11x0_Receive_Blocking
28364,622,798,29784,7458,LR11x0_Receive_Interrupt
28196,636,799,29631,73bf,LR11x0_Transmit_Blocking
27902,638,802,29342,729e,LR11x0_Transmit_Interrupt
30174,644,797,31615,7b7f,LR11x0_WiFi_Scan_Blocking
30294,644,798,31736,7bf8,LR11x0_WiFi_Scan_Interrupt
59576,1802,1999,63377,f791,LoRaWAN_ABP
61894,1834,1997,65725,100bd,LoRaWAN_Reference
59564,1802,1997,63363,f783,LoRaWAN_Starter
35226,402,828,36456,8e68,Morse_Receive_AM
36294,430,826,37550,92ae,Morse_Transmit_AM
36156,430,826,37412,9224,Morse_Transmit_FM
36120,430,820,37370,91fa,Morse_Transmit_SSB
38852,404,808,40064,9c80,Pager_Receive
38876,422,806,40104,9ca8,Pager_Transmit
34596,418,769,35783,8bc7,PhysicalLayer_Interface
21658,394,762,22814,591e,RF69_Receive_AES
21924,378,762,23064,5a18,RF69_Receive_Address
21966,390,762,23118,5a4e,RF69_Receive_Blocking
22044,390,763,23197,5a9d,RF69_Receive_Interrupt
22370,386,1109,23865,5d39,RF69_Settings
20798,406,762,21966,55ce,RF69_Transmit_AES
21062,390,762,22214,56c6,RF69_Transmit_Address
21768,392,764,22924,598c,RF69_Transmit_Blocking
21874,406,767,23047,5a07,RF69_Transmit_Interrupt
36230,428,799,37457,9251,RTTY_Transmit
36266,428,805,37499,927b,RTTY_Transmit_AFSK
35016,1752,861,37629,92fd,SSTV_Transmit
35072,1752,867,37691,933b,SSTV_Transmit_AFSK
21736,380,763,22879,595f,SX123x_Receive_Blocking
21798,394,765,22957,59ad,SX123x_Transmit_Blocking
37178,634,825,38637,96ed,SX126x_Channel_Activity_Detection_Blocking
37402,634,826,38862,97ce,SX126x_Channel_Activity_Detection_Interrupt
39322,646,827,40795,9f5b,SX126x_Channel_Activity_Detection_Receive
38634,656,825,40115,9cb3,SX126x_FSK_Modem
38566,662,827,40055,9c77,SX126x_LR_FHSS_Transmit_Blocking
38220,662,830,39712,9b20,SX126x_LR_FHSS_Transmit_Interrupt
38766,660,829,40255,9d3f,SX126x_PingPong
38874,646,825,40345,9d99,SX126x_Receive_Blocking
38958,646,826,40430,9dee,SX126x_Receive_Interrupt
39866,878,1233,41977,a3f9,SX126x_Settings
39540,646,825,41011,a033,SX126x_Spectrum_Scan
39980,664,825,41469,a1fd,SX126x_Spectrum_Scan_Frequency
38592,662,827,40081,9c91,SX126x_Transmit_Blocking
38302,662,830,39794,9b72,SX126x_Transmit_Interrupt
32554,392,769,33715,83b3,SX127x_Channel_Activity_Detection_Blocking
32910,392,771,34073,8519,SX127x_Channel_Activity_Detection_Interrupt
34936,404,772,36112,8d10,SX127x_Channel_Activity_Detection_Receive
34774,414,769,35957,8c75,SX127x_FSK_Modem
34242,418,773,35433,8a69,SX127x_PingPong
34464,404,769,35637,8b35,SX127x_Receive_Blocking
32628,434,769,33831,8427,SX127x_Receive_Direct
34148,416,773,35337,8a09,SX127x_Receive_FHSS
34562,404,770,35736,8b98,SX127x_Receive_Interrupt
37844,618,1123,39585,9aa1,SX127x_Settings
34060,420,771,35251,89b3,SX127x_Transmit_Blocking
34652,638,783,36073,8ce9,SX127x_Transmit_FHSS
33768,420,774,34962,8892,SX127x_Transmit_Interrupt
25298,406,776,26480,6770,SX128x_BLE_Modem
23638,394,776,24808,60e8,SX128x_Channel_Activity_Detection_Blocking
23868,394,777,25039,61cf,SX128x_Channel_Activity_Detection_Interrupt
25366,414,776,26556,67bc,SX128x_FLRC_Modem
24980,412,776,26168,6638,SX128x_GFSK_Modem
25766,442,776,26984,6968,SX128x_Ranging
26136,406,776,27318,6ab6,SX128x_Receive_Blocking
26232,406,777,27415,6b17,SX128x_Receive_Interrupt
25038,502,1137,26677,6835,SX128x_Settings
24666,408,778,25852,64fc,SX128x_Transmit_Blocking
24774,422,781,25977,6579,SX128x_Transmit_Interrupt
23794,380,757,24931,6163,Si443x_Receive_Blocking
23884,380,758,25022,61be,Si443x_Receive_Interrupt
23866,384,1099,25349,6305,Si443x_Settings
23978,394,759,25131,622b,Si443x_Transmit_Blocking
24062,408,762,25232,6290,Si443x_Transmit_Interrupt
33224,392,1285,34901,8855,Stream_Receive
33626,906,783,35315,89f3,Stream_Transmit
17346,382,746,18474,482a,nRF24_Receive_Blocking
17448,382,747,18577,4891,nRF24_Receive_Interrupt
17682,398,748,18828,498c,nRF24_Transmit_Blocking
17758,410,751,18919,49e7,nRF24_Transmit_Interrupt
