text,data,bss,dec,hex,filename
39380,1960,1736,43076,a844,AFSK_Imperial_March
39188,1272,1736,42196,a4d4,AFSK_Tone
39260,1272,1736,42268,a51c,AFSK_Tone_AM
44712,1272,1792,47776,baa0,APRS_MicE
44368,1272,1792,47432,b948,APRS_Position
44328,1272,1760,47360,b900,APRS_Position_LoRa
40940,1272,1752,43964,abbc,AX25_Frames
40572,1272,1752,43596,aa4c,AX25_Transmit
41076,1272,1760,44108,ac4c,AX25_Transmit_AFSK
41812,1272,1768,44852,af34,BellModem_Transmit
32700,1272,1712,35684,8b64,CC1101_Receive_Address
32564,1272,1712,35548,8adc,CC1101_Receive_Blocking
32644,1272,1712,35628,8b2c,CC1101_Receive_Interrupt
29644,1272,2072,32988,80dc,CC1101_Settings
29148,1272,1712,32132,7d84,CC1101_Transmit_Address
29660,1272,1712,32644,7f84,CC1101_Transmit_Blocking
29804,1272,1720,32796,801c,CC1101_Transmit_Interrupt
39804,1328,1784,42916,a7a4,FSK4_Transmit
39820,1328,1792,42940,a7bc,FSK4_Transmit_AFSK
42076,1272,1760,45108,b034,Hellschreiber_Transmit
42156,1272,1768,45196,b08c,Hellschreiber_Transmit_AFSK
37860,1272,1752,40884,9fb4,LR11x0_Channel_Activity_Detection_Blocking
38028,1272,1760,41060,a064,LR11x0_Channel_Activity_Detection_Interrupt
38844,1272,1752,41868,a38c,LR11x0_GFSK_Modem
39980,1272,1832,43084,a84c,LR11x0_GNSS_Almanac_Update
39996,1272,1768,43036,a81c,LR11x0_GNSS_Autonomous_Position
39332,1272,1760,42364,a57c,LR11x0_GNSS_Satellites
37580,1272,1752,40604,9e9c,LR11x0_LR_FHSS_Modem
39372,1272,1760,42404,a5a4,LR11x0_PingPong
39148,1272,1752,42172,a4bc,LR11x0_Receive_Blocking
39212,1272,1760,42244,a504,LR11x0_Receive_Interrupt
39228,1272,1760,42260,a514,LR11x0_Transmit_Blocking
38676,1272,1768,41716,a2f4,LR11x0_Transmit_Interrupt
40372,1272,1752,43396,a984,LR11x0_WiFi_Scan_Blocking
40436,1272,1760,43468,a9cc,LR11x0_WiFi_Scan_Interrupt
57436,1272,3240,61948,f1fc,LoRaWAN_ABP
60956,1272,3328,65556,10014,LoRaWAN_Class_C
61036,1272,3336,65644,1006c,LoRaWAN_Multicast
59596,1272,3248,64116,fa74,LoRaWAN_Reference
57348,1272,3248,61868,f1ac,LoRaWAN_Starter
60432,1280,3776,65488,ffd0,LoRaWAN_TS_Packages
40600,1280,1808,43688,aaa8,Morse_Receive_AM
42240,1280,1800,45320,b108,Morse_Transmit_AM
42144,1280,1800,45224,b0a8,Morse_Transmit_FM
42128,1280,1792,45200,b090,Morse_Transmit_SSB
41780,1280,1776,44836,af24,Pager_Receive
41652,1272,1776,44700,ae9c,Pager_Transmit
40804,1280,1728,43812,ab24,PhysicalLayer_Interface
31084,1272,1712,34068,8514,RF69_Receive_AES
31292,1272,1712,34276,85e4,RF69_Receive_Address
31932,1272,1712,34916,8864,RF69_Receive_Blocking
32012,1272,1720,35004,88bc,RF69_Receive_Interrupt
31436,1272,2080,34788,87e4,RF69_Settings
30500,1272,1712,33484,82cc,RF69_Transmit_AES
30700,1272,1712,33684,8394,RF69_Transmit_Address
31076,1272,1720,34068,8514,RF69_Transmit_Blocking
31212,1272,1728,34212,85a4,RF69_Transmit_Interrupt
42028,1272,1768,45068,b00c,RTTY_Transmit
42060,1272,1776,45108,b034,RTTY_Transmit_AFSK
40660,2552,1864,45076,b014,SSTV_Transmit
40708,2552,1872,45132,b04c,SSTV_Transmit_AFSK
31148,1272,1720,34140,855c,SX123x_Receive_Blocking
31236,1272,1720,34228,85b4,SX123x_Transmit_Blocking
41164,1272,1800,44236,accc,SX126x_Channel_Activity_Detection_Blocking
41332,1272,1800,44404,ad74,SX126x_Channel_Activity_Detection_Interrupt
43076,1272,1800,46148,b444,SX126x_Channel_Activity_Detection_Receive
42308,1272,1800,45380,b144,SX126x_FSK_Modem
42508,1272,1800,45580,b20c,SX126x_LR_FHSS_Transmit_Blocking
41988,1272,1808,45068,b00c,SX126x_LR_FHSS_Transmit_Interrupt
42692,1272,1808,45772,b2cc,SX126x_PingPong
42732,1272,1800,45804,b2ec,SX126x_Receive_Blocking
42804,1272,1800,45876,b334,SX126x_Receive_Interrupt
43012,1272,2248,46532,b5c4,SX126x_Settings
43284,1272,1800,46356,b514,SX126x_Spectrum_Scan
43980,1272,1800,47052,b7cc,SX126x_Spectrum_Scan_Frequency
42508,1272,1800,45580,b20c,SX126x_Transmit_Blocking
41972,1272,1808,45052,affc,SX126x_Transmit_Interrupt
38956,1272,1728,41956,a3e4,SX127x_Channel_Activity_Detection_Blocking
39132,1272,1728,42132,a494,SX127x_Channel_Activity_Detection_Interrupt
41036,1272,1736,44044,ac0c,SX127x_Channel_Activity_Detection_Receive
40660,1272,1728,43660,aa8c,SX127x_FSK_Modem
40500,1272,1736,43508,a9f4,SX127x_PingPong
40676,1272,1728,43676,aa9c,SX127x_Receive_Blocking
39140,1272,1728,42140,a49c,SX127x_Receive_Direct
40092,1304,1736,43132,a87c,SX127x_Receive_FHSS
40772,1272,1728,43772,aafc,SX127x_Receive_Interrupt
42860,1272,2104,46236,b49c,SX127x_Settings
40348,1272,1728,43348,a954,SX127x_Transmit_Blocking
40532,1304,1760,43596,aa4c,SX127x_Transmit_FHSS
39796,1272,1736,42804,a734,SX127x_Transmit_Interrupt
34036,1272,1728,37036,90ac,SX128x_BLE_Modem
32732,1272,1728,35732,8b94,SX128x_Channel_Activity_Detection_Blocking
32900,1272,1736,35908,8c44,SX128x_Channel_Activity_Detection_Interrupt
34028,1272,1728,37028,90a4,SX128x_FLRC_Modem
33756,1272,1728,36756,8f94,SX128x_GFSK_Modem
34636,1272,1728,37636,9304,SX128x_Ranging
34636,1272,1728,37636,9304,SX128x_Receive_Blocking
34724,1272,1736,37732,9364,SX128x_Receive_Interrupt
33628,1272,2112,37012,9094,SX128x_Settings
33420,1272,1736,36428,8e4c,SX128x_Transmit_Blocking
33564,1272,1744,36580,8ee4,SX128x_Transmit_Interrupt
32076,1272,1704,35052,88ec,Si443x_Receive_Blocking
32164,1272,1712,35148,894c,Si443x_Receive_Interrupt
32236,1272,2064,35572,8af4,Si443x_Settings
32212,1272,1712,35196,897c,Si443x_Transmit_Blocking
32324,1272,1720,35316,89f4,Si443x_Transmit_Interrupt
39252,1272,2248,42772,a714,Stream_Receive
40108,1272,1760,43140,a884,Stream_Transmit
26084,1272,1696,29052,717c,nRF24_Receive_Blocking
26188,1272,1696,29156,71e4,nRF24_Receive_Interrupt
26212,1272,1696,29180,71fc,nRF24_Transmit_Blocking
26300,1272,1704,29276,725c,nRF24_Transmit_Interrupt
