text,data,bss,dec,hex,filename
33202,742,775,34719,879f,AFSK_Imperial_March
32942,398,775,34115,8543,AFSK_Tone
33074,398,775,34247,85c7,AFSK_Tone_AM
37962,448,810,39220,9934,APRS_MicE
38788,546,810,40144,9cd0,APRS_Position
37474,484,788,38746,975a,APRS_Position_LoRa
35116,460,785,36361,8e09,AX25_Frames
34704,422,785,35911,8c47,AX25_Transmit
35558,440,791,36789,8fb5,AX25_Transmit_AFSK
35732,468,798,36998,9086,BellModem_Transmit
22746,436,759,23941,5d85,CC1101_Receive_Address
22626,436,759,23821,5d0d,CC1101_Receive_Blocking
22716,436,760,23912,5d68,CC1101_Receive_Interrupt
22866,538,1103,24507,5fbb,CC1101_Settings
21478,436,759,22673,5891,CC1101_Transmit_Address
22374,438,761,23573,5c15,CC1101_Transmit_Blocking
22478,452,764,23694,5c8e,CC1101_Transmit_Interrupt
33892,444,825,35161,8959,FSK4_Transmit
33928,444,831,35203,8983,FSK4_Transmit_AFSK
36090,444,791,37325,91cd,Hellschreiber_Transmit
36202,460,797,37459,9253,Hellschreiber_Transmit_AFSK
26916,616,797,28329,6ea9,LR11x0_Channel_Activity_Detection_Blocking
27156,616,798,28570,6f9a,LR11x0_Channel_Activity_Detection_Interrupt
28470,448,797,29715,7413,LR11x0_GFSK_Modem
27790,616,862,29268,7254,LR11x0_GNSS_Almanac_Update
28816,632,812,30260,7634,LR11x0_GNSS_Autonomous_Position
28680,624,801,30105,7599,LR11x0_GNSS_Satellites
26852,444,797,28093,6dbd,LR11x0_LR_FHSS_Modem
28570,640,801,30011,753b,LR11x0_PingPong
28416,628,797,29841,7491,LR11x0_Receive_Blocking
28496,628,798,29922,74e2,LR11x0_Receive_Interrupt
28328,642,799,29769,7449,LR11x0_Transmit_Blocking
28034,644,802,29480,7328,LR11x0_Transmit_Interrupt
30264,650,797,31711,7bdf,LR11x0_WiFi_Scan_Blocking
30382,650,798,31830,7c56,LR11x0_WiFi_Scan_Interrupt
60498,1702,2047,64247,faf7,LoRaWAN_ABP
66208,1962,2105,70275,11283,LoRaWAN_Class_C
66298,1960,2107,70365,112dd,LoRaWAN_Multicast
62842,1734,2045,66621,1043d,LoRaWAN_Reference
60532,1702,2045,64279,fb17,LoRaWAN_Starter
64228,1030,2560,67818,108ea,LoRaWAN_TS_Packages
35214,408,828,36450,8e62,Morse_Receive_AM
36282,436,826,37544,92a8,Morse_Transmit_AM
36144,436,826,37406,921e,Morse_Transmit_FM
36108,436,820,37364,91f4,Morse_Transmit_SSB
38840,410,808,40058,9c7a,Pager_Receive
38868,428,806,40102,9ca6,Pager_Transmit
34590,424,769,35783,8bc7,PhysicalLayer_Interface
21744,400,762,22906,597a,RF69_Receive_AES
22010,384,762,23156,5a74,RF69_Receive_Address
22052,396,762,23210,5aaa,RF69_Receive_Blocking
22124,396,763,23283,5af3,RF69_Receive_Interrupt
22716,506,1109,24331,5f0b,RF69_Settings
20878,412,762,22052,5624,RF69_Transmit_AES
21142,396,762,22300,571c,RF69_Transmit_Address
21846,398,764,23008,59e0,RF69_Transmit_Blocking
21952,412,767,23131,5a5b,RF69_Transmit_Interrupt
36218,434,799,37451,924b,RTTY_Transmit
36254,434,805,37493,9275,RTTY_Transmit_AFSK
35004,1758,861,37623,92f7,SSTV_Transmit
35060,1758,867,37685,9335,SSTV_Transmit_AFSK
21824,386,763,22973,59bd,SX123x_Receive_Blocking
21880,400,765,23045,5a05,SX123x_Transmit_Blocking
37052,634,825,38511,966f,SX126x_Channel_Activity_Detection_Blocking
37276,634,826,38736,9750,SX126x_Channel_Activity_Detection_Interrupt
39196,646,827,40669,9edd,SX126x_Channel_Activity_Detection_Receive
38514,656,825,39995,9c3b,SX126x_FSK_Modem
38440,662,827,39929,9bf9,SX126x_LR_FHSS_Transmit_Blocking
38094,662,830,39586,9aa2,SX126x_LR_FHSS_Transmit_Interrupt
38640,660,829,40129,9cc1,SX126x_PingPong
38754,646,825,40225,9d21,SX126x_Receive_Blocking
38832,646,826,40304,9d70,SX126x_Receive_Interrupt
40438,880,1233,42551,a637,SX126x_Settings
39414,646,825,40885,9fb5,SX126x_Spectrum_Scan
39854,664,825,41343,a17f,SX126x_Spectrum_Scan_Frequency
38466,662,827,39955,9c13,SX126x_Transmit_Blocking
38176,662,830,39668,9af4,SX126x_Transmit_Interrupt
32542,398,769,33709,83ad,SX127x_Channel_Activity_Detection_Blocking
32898,398,771,34067,8513,SX127x_Channel_Activity_Detection_Interrupt
34924,410,772,36106,8d0a,SX127x_Channel_Activity_Detection_Receive
34768,420,769,35957,8c75,SX127x_FSK_Modem
34230,424,773,35427,8a63,SX127x_PingPong
34458,410,769,35637,8b35,SX127x_Receive_Blocking
32616,440,769,33825,8421,SX127x_Receive_Direct
34136,422,773,35331,8a03,SX127x_Receive_FHSS
34550,410,770,35730,8b92,SX127x_Receive_Interrupt
37856,636,1123,39615,9abf,SX127x_Settings
34048,426,771,35245,89ad,SX127x_Transmit_Blocking
34640,644,783,36067,8ce3,SX127x_Transmit_FHSS
33756,426,774,34956,888c,SX127x_Transmit_Interrupt
26040,412,776,27228,6a5c,SX128x_BLE_Modem
24436,400,776,25612,640c,SX128x_Channel_Activity_Detection_Blocking
24666,400,777,25843,64f3,SX128x_Channel_Activity_Detection_Interrupt
26104,420,776,27300,6aa4,SX128x_FLRC_Modem
25722,418,776,26916,6924,SX128x_GFSK_Modem
25924,448,776,27148,6a0c,SX128x_Ranging
26182,412,776,27370,6aea,SX128x_Receive_Blocking
26272,412,777,27461,6b45,SX128x_Receive_Interrupt
25848,628,1137,27613,6bdd,SX128x_Settings
25464,414,778,26656,6820,SX128x_Transmit_Blocking
25572,428,781,26781,689d,SX128x_Transmit_Interrupt
23908,386,757,25051,61db,Si443x_Receive_Blocking
23992,386,758,25136,6230,Si443x_Receive_Interrupt
24208,504,1099,25811,64d3,Si443x_Settings
24086,400,759,25245,629d,Si443x_Transmit_Blocking
24170,414,762,25346,6302,Si443x_Transmit_Interrupt
33212,398,1285,34895,884f,Stream_Receive
33614,912,783,35309,89ed,Stream_Transmit
17424,388,746,18558,487e,nRF24_Receive_Blocking
17520,388,747,18655,48df,nRF24_Receive_Interrupt
17754,404,748,18906,49da,nRF24_Transmit_Blocking
17830,416,751,18997,4a35,nRF24_Transmit_Interrupt
