text,data,bss,dec,hex,filename
31870,686,770,33326,822e,AFSK_Imperial_March
31596,342,770,32708,7fc4,AFSK_Tone
31768,342,770,32880,8070,AFSK_Tone_AM
36616,390,805,37811,93b3,APRS_MicE
37414,488,805,38707,9733,APRS_Position
36058,428,783,37269,9195,APRS_Position_LoRa
33842,402,780,35024,88d0,AX25_Frames
33392,366,780,34538,86ea,AX25_Transmit
34200,384,786,35370,8a2a,AX25_Transmit_AFSK
34346,410,793,35549,8add,BellModem_Transmit
21440,386,755,22581,5835,CC1101_Receive_Address
21320,386,755,22461,57bd,CC1101_Receive_Blocking
21406,386,756,22548,5814,CC1101_Receive_Interrupt
21464,374,1097,22935,5997,CC1101_Settings
20132,388,755,21275,531b,CC1101_Transmit_Address
21072,390,757,22219,56cb,CC1101_Transmit_Blocking
21174,402,760,22336,5740,CC1101_Transmit_Interrupt
32574,388,820,33782,83f6,FSK4_Transmit
32604,388,826,33818,841a,FSK4_Transmit_AFSK
34720,386,786,35892,8c34,Hellschreiber_Transmit
34820,402,792,36014,8cae,Hellschreiber_Transmit_AFSK
26066,566,789,27421,6b1d,LR11x0_Channel_Activity_Detection_Blocking
26306,566,790,27662,6c0e,LR11x0_Channel_Activity_Detection_Interrupt
27614,400,789,28803,7083,LR11x0_GFSK_Modem
26926,566,854,28346,6eba,LR11x0_GNSS_Almanac_Update
27958,584,804,29346,72a2,LR11x0_GNSS_Autonomous_Position
27808,576,793,29177,71f9,LR11x0_GNSS_Satellites
26002,396,789,27187,6a33,LR11x0_LR_FHSS_Modem
27720,592,793,29105,71b1,LR11x0_PingPong
27560,578,789,28927,70ff,LR11x0_Receive_Blocking
27646,578,790,29014,7156,LR11x0_Receive_Interrupt
27478,594,791,28863,70bf,LR11x0_Transmit_Blocking
27184,594,794,28572,6f9c,LR11x0_Transmit_Interrupt
29456,600,789,30845,787d,LR11x0_WiFi_Scan_Blocking
29576,600,790,30966,78f6,LR11x0_WiFi_Scan_Interrupt
55794,1750,1988,59532,e88c,LoRaWAN_ABP
58110,1782,1986,61878,f1b6,LoRaWAN_Reference
55804,1750,1986,59540,e894,LoRaWAN_Starter
33864,352,823,35039,88df,Morse_Receive_AM
34882,380,821,36083,8cf3,Morse_Transmit_AM
34704,380,821,35905,8c41,Morse_Transmit_FM
34680,380,815,35875,8c23,Morse_Transmit_SSB
37428,352,803,38583,96b7,Pager_Receive
37448,372,801,38621,96dd,Pager_Transmit
33124,366,764,34254,85ce,PhysicalLayer_Interface
21180,350,759,22289,5711,RF69_Receive_AES
21446,334,759,22539,580b,RF69_Receive_Address
21488,346,759,22593,5841,RF69_Receive_Blocking
21556,346,760,22662,5886,RF69_Receive_Interrupt
22018,342,1105,23465,5ba9,RF69_Settings
20320,364,759,21443,53c3,RF69_Transmit_AES
20584,348,759,21691,54bb,RF69_Transmit_Address
21270,350,761,22381,576d,RF69_Transmit_Blocking
21376,362,764,22502,57e6,RF69_Transmit_Interrupt
34822,378,794,35994,8c9a,RTTY_Transmit
34846,378,800,36024,8cb8,RTTY_Transmit_AFSK
33532,1702,856,36090,8cfa,SSTV_Transmit
33584,1702,862,36148,8d34,SSTV_Transmit_AFSK
20938,334,760,22032,5610,SX123x_Receive_Blocking
21002,350,762,22114,5662,SX123x_Transmit_Blocking
34558,578,817,35953,8c71,SX126x_Channel_Activity_Detection_Blocking
34788,578,818,36184,8d58,SX126x_Channel_Activity_Detection_Interrupt
36744,590,819,38153,9509,SX126x_Channel_Activity_Detection_Receive
36072,598,817,37487,926f,SX126x_FSK_Modem
34786,594,817,36197,8d65,SX126x_LR_FHSS_Modem
36188,602,821,37611,92eb,SX126x_PingPong
36292,590,817,37699,9343,SX126x_Receive_Blocking
36380,590,818,37788,939c,SX126x_Receive_Interrupt
37246,796,1219,39261,995d,SX126x_Settings
37122,588,817,38527,967f,SX126x_Spectrum_Scan
37562,606,817,38985,9849,SX126x_Spectrum_Scan_Frequency
36010,604,819,37433,9239,SX126x_Transmit_Blocking
35724,606,822,37152,9120,SX126x_Transmit_Interrupt
31082,342,764,32188,7dbc,SX127x_Channel_Activity_Detection_Blocking
31438,342,766,32546,7f22,SX127x_Channel_Activity_Detection_Interrupt
33464,354,767,34585,8719,SX127x_Channel_Activity_Detection_Receive
33480,362,764,34606,872e,SX127x_FSK_Modem
32770,366,768,33904,8470,SX127x_PingPong
32992,354,764,34110,853e,SX127x_Receive_Blocking
31350,382,764,32496,7ef0,SX127x_Receive_Direct
32702,366,768,33836,842c,SX127x_Receive_FHSS
33090,354,765,34209,85a1,SX127x_Receive_Interrupt
36386,450,1115,37951,943f,SX127x_Settings
32588,368,766,33722,83ba,SX127x_Transmit_Blocking
33316,586,778,34680,8778,SX127x_Transmit_FHSS
32296,370,769,33435,829b,SX127x_Transmit_Interrupt
24468,364,767,25599,63ff,SX128x_BLE_Modem
22784,350,767,23901,5d5d,SX128x_Channel_Activity_Detection_Blocking
23014,350,768,24132,5e44,SX128x_Channel_Activity_Detection_Interrupt
24558,372,767,25697,6461,SX128x_FLRC_Modem
24172,368,767,25307,62db,SX128x_GFSK_Modem
24912,398,767,26077,65dd,SX128x_Ranging
25306,362,767,26435,6743,SX128x_Receive_Blocking
25402,362,768,26532,67a4,SX128x_Receive_Interrupt
24320,350,1121,25791,64bf,SX128x_Settings
23836,366,769,24971,618b,SX128x_Transmit_Blocking
23944,378,772,25094,6206,SX128x_Transmit_Interrupt
21842,334,752,22928,5990,Si443x_Receive_Blocking
21924,334,753,23011,59e3,Si443x_Receive_Interrupt
23286,338,1091,24715,608b,Si443x_Settings
22030,350,754,23134,5a5e,Si443x_Transmit_Blocking
22112,362,757,23231,5abf,Si443x_Transmit_Interrupt
31752,342,1280,33374,825e,Stream_Receive
32386,854,778,34018,84e2,Stream_Transmit
16910,340,742,17992,4648,nRF24_Receive_Blocking
17002,340,743,18085,46a5,nRF24_Receive_Interrupt
17246,354,744,18344,47a8,nRF24_Transmit_Blocking
17322,368,747,18437,4805,nRF24_Transmit_Interrupt
