text,data,bss,dec,hex,filename
137860,13272,119520,270652,4213c,AFSK_Imperial_March
137740,12584,119504,269828,41e04,AFSK_Tone
137836,12584,119504,269924,41e64,AFSK_Tone_AM
141788,12584,119560,273932,42e0c,APRS_MicE
141528,12584,119560,273672,42d08,APRS_Position
141324,12584,119528,273436,42c1c,APRS_Position_LoRa
139604,12584,119520,271708,4255c,AX25_Frames
139164,12584,119520,271268,423a4,AX25_Transmit
139804,12584,119528,271916,4262c,AX25_Transmit_AFSK
140928,12584,119536,273048,42a98,BellModem_Transmit
130816,12584,119480,262880,402e0,CC1101_Receive_Address
130656,12584,119480,262720,40240,CC1101_Receive_Blocking
130720,12584,119480,262784,40280,CC1101_Receive_Interrupt
130268,12584,119840,262692,40224,CC1101_Settings
129764,12584,119480,261828,3fec4,CC1101_Transmit_Address
130288,12584,119480,262352,400d0,CC1101_Transmit_Blocking
130424,12584,119488,262496,40160,CC1101_Transmit_Interrupt
138444,12632,119568,270644,42134,FSK4_Transmit
138452,12632,119576,270660,42144,FSK4_Transmit_AFSK
141148,12584,119528,273260,42b6c,Hellschreiber_Transmit
141236,12584,119536,273356,42bcc,Hellschreiber_Transmit_AFSK
136168,12584,119520,268272,417f0,LR11x0_Channel_Activity_Detection_Blocking
136336,12584,119528,268448,418a0,LR11x0_Channel_Activity_Detection_Interrupt
381960,12584,119520,514064,7d810,LR11x0_Firmware_Update
137100,12584,119520,269204,41b94,LR11x0_GFSK_Modem
138224,12584,119600,270408,42048,LR11x0_GNSS_Almanac_Update
138340,12584,119536,270460,4207c,LR11x0_GNSS_Autonomous_Position
137756,12584,119528,269868,41e2c,LR11x0_GNSS_Satellites
135880,12584,119520,267984,416d0,LR11x0_LR_FHSS_Modem
137532,12584,119536,269652,41d54,LR11x0_PingPong
137276,12584,119520,269380,41c44,LR11x0_Receive_Blocking
137340,12584,119528,269452,41c8c,LR11x0_Receive_Interrupt
137348,12584,119528,269460,41c94,LR11x0_Transmit_Blocking
137044,12584,119536,269164,41b6c,LR11x0_Transmit_Interrupt
138416,12584,119520,270520,420b8,LR11x0_WiFi_Scan_Blocking
138456,12584,119528,270568,420e8,LR11x0_WiFi_Scan_Interrupt
156156,12584,121016,289756,46bdc,LoRaWAN_ABP
159432,12584,121096,293112,478f8,LoRaWAN_Class_C
159528,12584,121104,293216,47960,LoRaWAN_Multicast
158196,12584,121016,291796,473d4,LoRaWAN_Reference
156100,12584,121016,289700,46ba4,LoRaWAN_Starter
157520,12592,121560,291672,47358,LoRaWAN_TS_Packages
138932,12584,119576,271092,422f4,Morse_Receive_AM
141076,12584,119568,273228,42b4c,Morse_Transmit_AM
140980,12584,119568,273132,42aec,Morse_Transmit_FM
140972,12584,119560,273116,42adc,Morse_Transmit_SSB
140692,12584,119544,272820,429b4,Pager_Receive
140584,12584,119544,272712,42948,Pager_Transmit
139108,12584,119496,271188,42354,PhysicalLayer_Interface
129476,12584,119480,261540,3fda4,RF69_Receive_AES
129644,12584,119480,261708,3fe4c,RF69_Receive_Address
129816,12584,119480,261880,3fef8,RF69_Receive_Blocking
129880,12584,119488,261952,3ff40,RF69_Receive_Interrupt
129876,12584,119848,262308,400a4,RF69_Settings
128948,12584,119480,261012,3fb94,RF69_Transmit_AES
129180,12584,119480,261244,3fc7c,RF69_Transmit_Address
129480,12584,119488,261552,3fdb0,RF69_Transmit_Blocking
129680,12584,119496,261760,3fe80,RF69_Transmit_Interrupt
141164,12584,119536,273284,42b84,RTTY_Transmit
141172,12584,119544,273300,42b94,RTTY_Transmit_AFSK
139288,13864,119632,272784,42990,SSTV_Transmit
139360,13864,119640,272864,429e0,SSTV_Transmit_AFSK
129532,12584,119488,261604,3fde4,SX123x_Receive_Blocking
129632,12584,119488,261704,3fe48,SX123x_Transmit_Blocking
139480,12584,119568,271632,42510,SX126x_Channel_Activity_Detection_Blocking
139712,12584,119568,271864,425f8,SX126x_Channel_Activity_Detection_Interrupt
141248,12584,119568,273400,42bf8,SX126x_Channel_Activity_Detection_Receive
140644,12584,119568,272796,4299c,SX126x_FSK_Modem
140668,12584,119568,272820,429b4,SX126x_LR_FHSS_Transmit_Blocking
140348,12584,119576,272508,4287c,SX126x_LR_FHSS_Transmit_Interrupt
140836,12584,119576,272996,42a64,SX126x_PingPong
140876,12584,119568,273028,42a84,SX126x_Receive_Blocking
140940,12584,119568,273092,42ac4,SX126x_Receive_Interrupt
141416,12584,120016,274016,42e60,SX126x_Settings
141712,12584,119568,273864,42dc8,SX126x_Spectrum_Scan
142256,12584,119568,274408,42fe8,SX126x_Spectrum_Scan_Frequency
140732,12584,119568,272884,429f4,SX126x_Transmit_Blocking
140348,12584,119576,272508,4287c,SX126x_Transmit_Interrupt
137504,12584,119496,269584,41d10,SX127x_Channel_Activity_Detection_Blocking
137628,12584,119504,269716,41d94,SX127x_Channel_Activity_Detection_Interrupt
139416,12584,119504,271504,42490,SX127x_Channel_Activity_Detection_Receive
139144,12584,119496,271224,42378,SX127x_FSK_Modem
138848,12584,119504,270936,42258,SX127x_PingPong
139028,12584,119496,271108,42304,SX127x_Receive_Blocking
137644,12584,119496,269724,41d9c,SX127x_Receive_Direct
138628,12608,119512,270748,4219c,SX127x_Receive_FHSS
139124,12584,119496,271204,42364,SX127x_Receive_Interrupt
141616,12584,119872,274072,42e98,SX127x_Settings
138728,12584,119496,270808,421d8,SX127x_Transmit_Blocking
139168,12608,119536,271312,423d0,SX127x_Transmit_FHSS
138360,12584,119504,270448,42070,SX127x_Transmit_Interrupt
132204,12584,119496,264284,4085c,SX128x_BLE_Modem
130912,12584,119496,262992,40350,SX128x_Channel_Activity_Detection_Blocking
131080,12584,119504,263168,40400,SX128x_Channel_Activity_Detection_Interrupt
132204,12584,119496,264284,4085c,SX128x_FLRC_Modem
131876,12584,119496,263956,40714,SX128x_GFSK_Modem
132628,12584,119496,264708,40a04,SX128x_Ranging
132572,12584,119496,264652,409cc,SX128x_Receive_Blocking
132636,12584,119504,264724,40a14,SX128x_Receive_Interrupt
131816,12584,119880,264280,40858,SX128x_Settings
131580,12584,119504,263668,405f4,SX128x_Transmit_Blocking
131716,12584,119512,263812,40684,SX128x_Transmit_Interrupt
130412,12584,119472,262468,40144,Si443x_Receive_Blocking
130484,12584,119480,262548,40194,Si443x_Receive_Interrupt
130604,12584,119832,263020,4036c,Si443x_Settings
130592,12584,119480,262656,40200,Si443x_Transmit_Blocking
130712,12584,119488,262784,40280,Si443x_Transmit_Interrupt
137848,12584,120016,270448,42070,Stream_Receive
138556,12584,119528,270668,4214c,Stream_Transmit
127108,12584,119464,259156,3f454,nRF24_Receive_Blocking
127196,12584,119464,259244,3f4ac,nRF24_Receive_Interrupt
127288,12584,119464,259336,3f508,nRF24_Transmit_Blocking
127336,12584,119472,259392,3f540,nRF24_Transmit_Interrupt
