text,data,bss,dec,hex,filename
117933,0,39948,157881,268b9,AFSK_Imperial_March
117110,0,39948,157058,26582,AFSK_Tone
117205,0,39948,157153,265e1,AFSK_Tone_AM
121034,0,40004,161038,2750e,APRS_MicE
120742,0,40004,160746,273ea,APRS_Position
120698,0,39972,160670,2739e,APRS_Position_LoRa
118891,0,39964,158855,26c87,AX25_Frames
118519,0,39964,158483,26b13,AX25_Transmit
119012,0,39972,158984,26d08,AX25_Transmit_AFSK
119645,0,39980,159625,26f89,BellModem_Transmit
110413,0,39916,150329,24b39,CC1101_Receive_Address
110267,0,39916,150183,24aa7,CC1101_Receive_Blocking
110345,0,39916,150261,24af5,CC1101_Receive_Interrupt
109714,0,40276,149990,249e6,CC1101_Settings
109200,0,39916,149116,2467c,CC1101_Transmit_Address
109651,0,39924,149575,24847,CC1101_Transmit_Blocking
109803,0,39924,149727,248df,CC1101_Transmit_Interrupt
117737,0,39996,157733,26825,FSK4_Transmit
117765,0,40004,157769,26849,FSK4_Transmit_AFSK
119941,0,39972,159913,270a9,Hellschreiber_Transmit
120021,0,39980,160001,27101,Hellschreiber_Transmit_AFSK
115732,0,39964,155696,26030,LR11x0_Channel_Activity_Detection_Blocking
115905,0,39964,155869,260dd,LR11x0_Channel_Activity_Detection_Interrupt
361412,0,39964,401376,61fe0,LR11x0_Firmware_Update
116618,0,39964,156582,263a6,LR11x0_GFSK_Modem
117666,0,40044,157710,2680e,LR11x0_GNSS_Almanac_Update
117875,0,39980,157855,2689f,LR11x0_GNSS_Autonomous_Position
117151,0,39964,157115,265bb,LR11x0_GNSS_Satellites
115433,0,39964,155397,25f05,LR11x0_LR_FHSS_Modem
117139,0,39964,157103,265af,LR11x0_PingPong
116901,0,39964,156865,264c1,LR11x0_Receive_Blocking
116967,0,39964,156931,26503,LR11x0_Receive_Interrupt
117025,0,39964,156989,2653d,LR11x0_Transmit_Blocking
116501,0,39972,156473,26339,LR11x0_Transmit_Interrupt
118010,0,39964,157974,26916,LR11x0_WiFi_Scan_Blocking
118075,0,39964,158039,26957,LR11x0_WiFi_Scan_Interrupt
136015,0,41820,177835,2b6ab,LoRaWAN_ABP
139682,0,41900,181582,2c54e,LoRaWAN_Class_C
139789,0,41908,181697,2c5c1,LoRaWAN_Multicast
138091,0,41828,179919,2becf,LoRaWAN_Reference
135978,0,41828,177806,2b68e,LoRaWAN_Starter
137411,0,42348,179759,2be2f,LoRaWAN_TS_Packages
118272,0,40012,158284,26a4c,Morse_Receive_AM
119862,0,40012,159874,27082,Morse_Transmit_AM
119771,0,40012,159783,27027,Morse_Transmit_FM
119745,0,40004,159749,27005,Morse_Transmit_SSB
119620,0,39988,159608,26f78,Pager_Receive
119584,0,39988,159572,26f54,Pager_Transmit
118410,0,39940,158350,26a8e,PhysicalLayer_Interface
108757,0,39924,148681,244c9,RF69_Receive_AES
108986,0,39924,148910,245ae,RF69_Receive_Address
109341,0,39924,149265,24711,RF69_Receive_Blocking
109421,0,39924,149345,24761,RF69_Receive_Interrupt
109256,0,40284,149540,24824,RF69_Settings
108289,0,39924,148213,242f5,RF69_Transmit_AES
108518,0,39924,148442,243da,RF69_Transmit_Address
108809,0,39924,148733,244fd,RF69_Transmit_Blocking
108959,0,39932,148891,2459b,RF69_Transmit_Interrupt
119845,0,39980,159825,27051,RTTY_Transmit
119871,0,39988,159859,27073,RTTY_Transmit_AFSK
119846,0,40076,159922,270b2,SSTV_Transmit
119888,0,40084,159972,270e4,SSTV_Transmit_AFSK
108891,0,39924,148815,2454f,SX123x_Receive_Blocking
109015,0,39932,148947,245d3,SX123x_Transmit_Blocking
119081,0,40004,159085,26d6d,SX126x_Channel_Activity_Detection_Blocking
119254,0,40004,159258,26e1a,SX126x_Channel_Activity_Detection_Interrupt
120928,0,40004,160932,274a4,SX126x_Channel_Activity_Detection_Receive
120114,0,40004,160118,27176,SX126x_FSK_Modem
120410,0,40012,160422,272a6,SX126x_LR_FHSS_Transmit_Blocking
119858,0,40012,159870,2707e,SX126x_LR_FHSS_Transmit_Interrupt
120552,0,40012,160564,27334,SX126x_PingPong
120581,0,40004,160585,27349,SX126x_Receive_Blocking
120651,0,40004,160655,2738f,SX126x_Receive_Interrupt
121024,0,40452,161476,276c4,SX126x_Settings
121259,0,40004,161263,275ef,SX126x_Spectrum_Scan
121979,0,40004,161983,278bf,SX126x_Spectrum_Scan_Frequency
120430,0,40012,160442,272ba,SX126x_Transmit_Blocking
119854,0,40012,159866,2707a,SX126x_Transmit_Interrupt
116888,0,39940,156828,2649c,SX127x_Channel_Activity_Detection_Blocking
117064,0,39940,157004,2654c,SX127x_Channel_Activity_Detection_Interrupt
118697,0,39940,158637,26bad,SX127x_Channel_Activity_Detection_Receive
118436,0,39940,158376,26aa8,SX127x_FSK_Modem
118162,0,39940,158102,26996,SX127x_PingPong
118310,0,39940,158250,26a2a,SX127x_Receive_Blocking
117060,0,39940,157000,26548,SX127x_Receive_Direct
117944,0,39940,157884,268bc,SX127x_Receive_FHSS
118409,0,39940,158349,26a8d,SX127x_Receive_Interrupt
120962,0,40316,161278,275fe,SX127x_Settings
118048,0,39940,157988,26924,SX127x_Transmit_Blocking
118444,0,39964,158408,26ac8,SX127x_Transmit_FHSS
117688,0,39948,157636,267c4,SX127x_Transmit_Interrupt
112412,0,39940,152352,25320,SX128x_BLE_Modem
111221,0,39940,151161,24e79,SX128x_Channel_Activity_Detection_Blocking
111398,0,39940,151338,24f2a,SX128x_Channel_Activity_Detection_Interrupt
112444,0,39940,152384,25340,SX128x_FLRC_Modem
112136,0,39940,152076,2520c,SX128x_GFSK_Modem
112794,0,39940,152734,2549e,SX128x_Ranging
112725,0,39940,152665,25459,SX128x_Receive_Blocking
112807,0,39940,152747,254ab,SX128x_Receive_Interrupt
112185,0,40324,152509,253bd,SX128x_Settings
111846,0,39948,151794,250f2,SX128x_Transmit_Blocking
111998,0,39948,151946,2518a,SX128x_Transmit_Interrupt
109717,0,39916,149633,24881,Si443x_Receive_Blocking
109796,0,39916,149712,248d0,Si443x_Receive_Interrupt
110000,0,40268,150268,24afc,Si443x_Settings
109898,0,39916,149814,24936,Si443x_Transmit_Blocking
110017,0,39924,149941,249b5,Si443x_Transmit_Interrupt
117181,0,40452,157633,267c1,Stream_Receive
117964,0,39964,157928,268e8,Stream_Transmit
105745,0,39900,145645,238ed,nRF24_Receive_Blocking
105828,0,39900,145728,23940,nRF24_Receive_Interrupt
105915,0,39908,145823,2399f,nRF24_Transmit_Blocking
106007,0,39908,145915,239fb,nRF24_Transmit_Interrupt
