text,data,bss,dec,hex,filename
33224,742,775,34741,87b5,AFSK_Imperial_March
32964,398,775,34137,8559,AFSK_Tone
33096,398,775,34269,85dd,AFSK_Tone_AM
37984,448,810,39242,994a,APRS_MicE
38810,546,810,40166,9ce6,APRS_Position
37496,484,788,38768,9770,APRS_Position_LoRa
35138,460,785,36383,8e1f,AX25_Frames
34726,422,785,35933,8c5d,AX25_Transmit
35580,440,791,36811,8fcb,AX25_Transmit_AFSK
35754,468,798,37020,909c,BellModem_Transmit
22746,436,759,23941,5d85,CC1101_Receive_Address
22626,436,759,23821,5d0d,CC1101_Receive_Blocking
22716,436,760,23912,5d68,CC1101_Receive_Interrupt
22866,538,1103,24507,5fbb,CC1101_Settings
21478,436,759,22673,5891,CC1101_Transmit_Address
22374,438,761,23573,5c15,CC1101_Transmit_Blocking
22478,452,764,23694,5c8e,CC1101_Transmit_Interrupt
33914,444,825,35183,896f,FSK4_Transmit
33950,444,831,35225,8999,FSK4_Transmit_AFSK
36112,444,791,37347,91e3,Hellschreiber_Transmit
36224,460,797,37481,9269,Hellschreiber_Transmit_AFSK
26874,616,797,28287,6e7f,LR11x0_Channel_Activity_Detection_Blocking
27114,616,798,28528,6f70,LR11x0_Channel_Activity_Detection_Interrupt
28428,448,797,29673,73e9,LR11x0_GFSK_Modem
27748,616,862,29226,722a,LR11x0_GNSS_Almanac_Update
28774,632,812,30218,760a,LR11x0_GNSS_Autonomous_Position
28638,624,801,30063,756f,LR11x0_GNSS_Satellites
26810,444,797,28051,6d93,LR11x0_LR_FHSS_Modem
28528,640,801,29969,7511,LR11x0_PingPong
28374,628,797,29799,7467,LR11x0_Receive_Blocking
28454,628,798,29880,74b8,LR11x0_Receive_Interrupt
28286,642,799,29727,741f,LR11x0_Transmit_Blocking
27992,644,802,29438,72fe,LR11x0_Transmit_Interrupt
30222,650,797,31669,7bb5,LR11x0_WiFi_Scan_Blocking
30340,650,798,31788,7c2c,LR11x0_WiFi_Scan_Interrupt
60520,1702,2047,64269,fb0d,LoRaWAN_ABP
66196,1962,2105,70263,11277,LoRaWAN_Class_C
66286,1960,2107,70353,112d1,LoRaWAN_Multicast
62864,1734,2045,66643,10453,LoRaWAN_Reference
60554,1702,2045,64301,fb2d,LoRaWAN_Starter
64250,1030,2560,67840,10900,LoRaWAN_TS_Packages
35236,408,828,36472,8e78,Morse_Receive_AM
36304,436,826,37566,92be,Morse_Transmit_AM
36166,436,826,37428,9234,Morse_Transmit_FM
36130,436,820,37386,920a,Morse_Transmit_SSB
38862,410,808,40080,9c90,Pager_Receive
38890,428,806,40124,9cbc,Pager_Transmit
34612,424,769,35805,8bdd,PhysicalLayer_Interface
21744,400,762,22906,597a,RF69_Receive_AES
22010,384,762,23156,5a74,RF69_Receive_Address
22052,396,762,23210,5aaa,RF69_Receive_Blocking
22124,396,763,23283,5af3,RF69_Receive_Interrupt
22716,506,1109,24331,5f0b,RF69_Settings
20878,412,762,22052,5624,RF69_Transmit_AES
21142,396,762,22300,571c,RF69_Transmit_Address
21846,398,764,23008,59e0,RF69_Transmit_Blocking
21952,412,767,23131,5a5b,RF69_Transmit_Interrupt
36240,434,799,37473,9261,RTTY_Transmit
36276,434,805,37515,928b,RTTY_Transmit_AFSK
35026,1758,861,37645,930d,SSTV_Transmit
35082,1758,867,37707,934b,SSTV_Transmit_AFSK
21824,386,763,22973,59bd,SX123x_Receive_Blocking
21880,400,765,23045,5a05,SX123x_Transmit_Blocking
37040,634,825,38499,9663,SX126x_Channel_Activity_Detection_Blocking
37264,634,826,38724,9744,SX126x_Channel_Activity_Detection_Interrupt
39184,646,827,40657,9ed1,SX126x_Channel_Activity_Detection_Receive
38502,656,825,39983,9c2f,SX126x_FSK_Modem
38428,662,827,39917,9bed,SX126x_LR_FHSS_Transmit_Blocking
38082,662,830,39574,9a96,SX126x_LR_FHSS_Transmit_Interrupt
38628,660,829,40117,9cb5,SX126x_PingPong
38742,646,825,40213,9d15,SX126x_Receive_Blocking
38820,646,826,40292,9d64,SX126x_Receive_Interrupt
40426,880,1233,42539,a62b,SX126x_Settings
39402,646,825,40873,9fa9,SX126x_Spectrum_Scan
39842,664,825,41331,a173,SX126x_Spectrum_Scan_Frequency
38454,662,827,39943,9c07,SX126x_Transmit_Blocking
38164,662,830,39656,9ae8,SX126x_Transmit_Interrupt
32564,398,769,33731,83c3,SX127x_Channel_Activity_Detection_Blocking
32920,398,771,34089,8529,SX127x_Channel_Activity_Detection_Interrupt
34946,410,772,36128,8d20,SX127x_Channel_Activity_Detection_Receive
34790,420,769,35979,8c8b,SX127x_FSK_Modem
34252,424,773,35449,8a79,SX127x_PingPong
34480,410,769,35659,8b4b,SX127x_Receive_Blocking
32638,440,769,33847,8437,SX127x_Receive_Direct
34158,422,773,35353,8a19,SX127x_Receive_FHSS
34572,410,770,35752,8ba8,SX127x_Receive_Interrupt
37878,636,1123,39637,9ad5,SX127x_Settings
34070,426,771,35267,89c3,SX127x_Transmit_Blocking
34662,644,783,36089,8cf9,SX127x_Transmit_FHSS
33778,426,774,34978,88a2,SX127x_Transmit_Interrupt
26012,412,776,27200,6a40,SX128x_BLE_Modem
24408,400,776,25584,63f0,SX128x_Channel_Activity_Detection_Blocking
24638,400,777,25815,64d7,SX128x_Channel_Activity_Detection_Interrupt
26076,420,776,27272,6a88,SX128x_FLRC_Modem
25694,418,776,26888,6908,SX128x_GFSK_Modem
25896,448,776,27120,69f0,SX128x_Ranging
26154,412,776,27342,6ace,SX128x_Receive_Blocking
26244,412,777,27433,6b29,SX128x_Receive_Interrupt
25820,628,1137,27585,6bc1,SX128x_Settings
25436,414,778,26628,6804,SX128x_Transmit_Blocking
25544,428,781,26753,6881,SX128x_Transmit_Interrupt
23908,386,757,25051,61db,Si443x_Receive_Blocking
23992,386,758,25136,6230,Si443x_Receive_Interrupt
24208,504,1099,25811,64d3,Si443x_Settings
24086,400,759,25245,629d,Si443x_Transmit_Blocking
24170,414,762,25346,6302,Si443x_Transmit_Interrupt
33234,398,1285,34917,8865,Stream_Receive
33636,912,783,35331,8a03,Stream_Transmit
17424,388,746,18558,487e,nRF24_Receive_Blocking
17520,388,747,18655,48df,nRF24_Receive_Interrupt
17754,404,748,18906,49da,nRF24_Transmit_Blocking
17830,416,751,18997,4a35,nRF24_Transmit_Interrupt
