text,data,bss,dec,hex,filename
32940,690,773,34403,8663,AFSK_Imperial_March
32680,346,773,33799,8407,AFSK_Tone
32812,346,773,33931,848b,AFSK_Tone_AM
37682,396,808,38886,97e6,APRS_MicE
38508,494,808,39810,9b82,APRS_Position
37222,432,786,38440,9628,APRS_Position_LoRa
34862,408,783,36053,8cd5,AX25_Frames
34450,370,783,35603,8b13,AX25_Transmit
35298,388,789,36475,8e7b,AX25_Transmit_AFSK
35440,416,796,36652,8f2c,BellModem_Transmit
22250,384,757,23391,5b5f,CC1101_Receive_Address
22130,384,757,23271,5ae7,CC1101_Receive_Blocking
22226,384,758,23368,5b48,CC1101_Receive_Interrupt
22280,372,1101,23753,5cc9,CC1101_Settings
20942,384,757,22083,5643,CC1101_Transmit_Address
21882,386,759,23027,59f3,CC1101_Transmit_Blocking
21984,400,762,23146,5a6a,CC1101_Transmit_Interrupt
33616,392,823,34831,880f,FSK4_Transmit
33642,392,829,34863,882f,FSK4_Transmit_AFSK
35818,392,789,36999,9087,Hellschreiber_Transmit
35918,408,795,37121,9101,Hellschreiber_Transmit_AFSK
26524,564,795,27883,6ceb,LR11x0_Channel_Activity_Detection_Blocking
26764,564,796,28124,6ddc,LR11x0_Channel_Activity_Detection_Interrupt
28072,396,795,29263,724f,LR11x0_GFSK_Modem
27384,564,860,28808,7088,LR11x0_GNSS_Almanac_Update
28424,580,810,29814,7476,LR11x0_GNSS_Autonomous_Position
28266,572,799,29637,73c5,LR11x0_GNSS_Satellites
26460,392,795,27647,6bff,LR11x0_LR_FHSS_Modem
28178,588,799,29565,737d,LR11x0_PingPong
28018,576,795,29389,72cd,LR11x0_Receive_Blocking
28104,576,796,29476,7324,LR11x0_Receive_Interrupt
27936,590,797,29323,728b,LR11x0_Transmit_Blocking
27642,592,800,29034,716a,LR11x0_Transmit_Interrupt
29914,598,795,31307,7a4b,LR11x0_WiFi_Scan_Blocking
30034,598,796,31428,7ac4,LR11x0_WiFi_Scan_Interrupt
59200,1756,1993,62949,f5e5,LoRaWAN_ABP
61560,1788,1991,65339,ff3b,LoRaWAN_Reference
59210,1756,1991,62957,f5ed,LoRaWAN_Starter
34872,356,826,36054,8cd6,Morse_Receive_AM
35940,384,824,37148,911c,Morse_Transmit_AM
35802,384,824,37010,9092,Morse_Transmit_FM
35778,384,818,36980,9074,Morse_Transmit_SSB
38538,358,806,39702,9b16,Pager_Receive
38562,376,804,39742,9b3e,Pager_Transmit
34330,372,767,35469,8a8d,PhysicalLayer_Interface
21510,348,761,22619,585b,RF69_Receive_AES
21776,332,761,22869,5955,RF69_Receive_Address
21818,344,761,22923,598b,RF69_Receive_Blocking
21896,344,762,23002,59da,RF69_Receive_Interrupt
22356,340,1109,23805,5cfd,RF69_Settings
20650,360,761,21771,550b,RF69_Transmit_AES
20914,344,761,22019,5603,RF69_Transmit_Address
21620,346,763,22729,58c9,RF69_Transmit_Blocking
21726,360,766,22852,5944,RF69_Transmit_Interrupt
35930,382,797,37109,90f5,RTTY_Transmit
35954,382,803,37139,9113,RTTY_Transmit_AFSK
34688,1706,859,37253,9185,SSTV_Transmit
34736,1706,865,37307,91bb,SSTV_Transmit_AFSK
21592,334,762,22688,58a0,SX123x_Receive_Blocking
21654,348,764,22766,58ee,SX123x_Transmit_Blocking
36944,588,823,38355,95d3,SX126x_Channel_Activity_Detection_Blocking
37168,588,824,38580,96b4,SX126x_Channel_Activity_Detection_Interrupt
39088,600,825,40513,9e41,SX126x_Channel_Activity_Detection_Receive
38400,610,823,39833,9b99,SX126x_FSK_Modem
38332,616,825,39773,9b5d,SX126x_LR_FHSS_Transmit_Blocking
37986,616,828,39430,9a06,SX126x_LR_FHSS_Transmit_Interrupt
38532,614,827,39973,9c25,SX126x_PingPong
38640,600,823,40063,9c7f,SX126x_Receive_Blocking
38724,600,824,40148,9cd4,SX126x_Receive_Interrupt
39818,832,1231,41881,a399,SX126x_Settings
39306,600,823,40729,9f19,SX126x_Spectrum_Scan
39746,618,823,41187,a0e3,SX126x_Spectrum_Scan_Frequency
38358,616,825,39799,9b77,SX126x_Transmit_Blocking
38068,616,828,39512,9a58,SX126x_Transmit_Interrupt
32288,346,767,33401,8279,SX127x_Channel_Activity_Detection_Blocking
32644,346,769,33759,83df,SX127x_Channel_Activity_Detection_Interrupt
34670,358,770,35798,8bd6,SX127x_Channel_Activity_Detection_Receive
34508,368,767,35643,8b3b,SX127x_FSK_Modem
33976,372,771,35119,892f,SX127x_PingPong
34198,358,767,35323,89fb,SX127x_Receive_Blocking
32362,388,767,33517,82ed,SX127x_Receive_Direct
33882,370,771,35023,88cf,SX127x_Receive_FHSS
34296,358,768,35422,8a5e,SX127x_Receive_Interrupt
37704,572,1121,39397,99e5,SX127x_Settings
33794,374,769,34937,8879,SX127x_Transmit_Blocking
34500,592,781,35873,8c21,SX127x_Transmit_FHSS
33502,374,772,34648,8758,SX127x_Transmit_Interrupt
25032,360,773,26165,6635,SX128x_BLE_Modem
23372,348,773,24493,5fad,SX128x_Channel_Activity_Detection_Blocking
23602,348,774,24724,6094,SX128x_Channel_Activity_Detection_Interrupt
25122,368,773,26263,6697,SX128x_FLRC_Modem
24736,366,773,25875,6513,SX128x_GFSK_Modem
25500,396,773,26669,682d,SX128x_Ranging
25870,360,773,27003,697b,SX128x_Receive_Blocking
25966,360,774,27100,69dc,SX128x_Receive_Interrupt
24960,456,1133,26549,67b5,SX128x_Settings
24400,362,775,25537,63c1,SX128x_Transmit_Blocking
24508,376,778,25662,643e,SX128x_Transmit_Interrupt
23492,334,754,24580,6004,Si443x_Receive_Blocking
23582,334,755,24671,605f,Si443x_Receive_Interrupt
23676,338,1095,25109,6215,Si443x_Settings
23676,348,756,24780,60cc,Si443x_Transmit_Blocking
23760,362,759,24881,6131,Si443x_Transmit_Interrupt
32958,346,1283,34587,871b,Stream_Receive
33474,860,781,35115,892b,Stream_Transmit
17190,336,744,18270,475e,nRF24_Receive_Blocking
17292,336,745,18373,47c5,nRF24_Receive_Interrupt
17526,352,746,18624,48c0,nRF24_Transmit_Blocking
17602,364,749,18715,491b,nRF24_Transmit_Interrupt
