text,data,bss,dec,hex,filename
44672,844,3500,49016,bf78,AFSK_Imperial_March
44448,156,3500,48104,bbe8,AFSK_Tone
44536,156,3500,48192,bc40,AFSK_Tone_AM
50140,156,3556,53852,d25c,APRS_MicE
49832,156,3556,53544,d128,APRS_Position
49740,156,3524,53420,d0ac,APRS_Position_LoRa
46220,156,3516,49892,c2e4,AX25_Frames
45844,156,3516,49516,c16c,AX25_Transmit
46400,156,3524,50080,c3a0,AX25_Transmit_AFSK
47144,156,3532,50832,c690,BellModem_Transmit
37288,156,3484,40928,9fe0,CC1101_Receive_Address
37148,156,3484,40788,9f54,CC1101_Receive_Blocking
37224,156,3484,40864,9fa0,CC1101_Receive_Interrupt
36712,156,3844,40712,9f08,CC1101_Settings
36224,156,3484,39864,9bb8,CC1101_Transmit_Address
36760,156,3484,40400,9dd0,CC1101_Transmit_Blocking
36896,156,3492,40544,9e60,CC1101_Transmit_Interrupt
45136,208,3552,48896,bf00,FSK4_Transmit
45168,208,3560,48936,bf28,FSK4_Transmit_AFSK
47436,156,3532,51124,c7b4,Hellschreiber_Transmit
47500,156,3540,51196,c7fc,Hellschreiber_Transmit_AFSK
42728,156,3524,46408,b548,LR11x0_Channel_Activity_Detection_Blocking
42904,156,3524,46584,b5f8,LR11x0_Channel_Activity_Detection_Interrupt
43732,156,3524,47412,b934,LR11x0_GFSK_Modem
44624,156,3604,48384,bd00,LR11x0_GNSS_Almanac_Update
44600,156,3540,48296,bca8,LR11x0_GNSS_Autonomous_Position
44176,156,3524,47856,baf0,LR11x0_GNSS_Satellites
42436,156,3524,46116,b424,LR11x0_LR_FHSS_Modem
44020,156,3532,47708,ba5c,LR11x0_PingPong
43784,156,3524,47464,b968,LR11x0_Receive_Blocking
43848,156,3524,47528,b9a8,LR11x0_Receive_Interrupt
43872,156,3524,47552,b9c0,LR11x0_Transmit_Blocking
43568,156,3532,47256,b898,LR11x0_Transmit_Interrupt
44860,156,3524,48540,bd9c,LR11x0_WiFi_Scan_Blocking
44924,156,3524,48604,bddc,LR11x0_WiFi_Scan_Interrupt
61012,156,4864,66032,101f0,LoRaWAN_ABP
62900,156,4880,67936,10960,LoRaWAN_Reference
60944,156,4880,65980,101bc,LoRaWAN_Starter
45872,156,3572,49600,c1c0,Morse_Receive_AM
47564,156,3564,51284,c854,Morse_Transmit_AM
47476,156,3564,51196,c7fc,Morse_Transmit_FM
47452,156,3556,51164,c7dc,Morse_Transmit_SSB
46980,160,3544,50684,c5fc,Pager_Receive
46820,156,3548,50524,c55c,Pager_Transmit
45816,160,3496,49472,c140,PhysicalLayer_Interface
36348,156,3492,39996,9c3c,RF69_Receive_AES
36564,156,3492,40212,9d14,RF69_Receive_Address
36656,156,3492,40304,9d70,RF69_Receive_Blocking
36720,156,3492,40368,9db0,RF69_Receive_Interrupt
36708,156,3860,40724,9f14,RF69_Settings
35784,156,3492,39432,9a08,RF69_Transmit_AES
35992,156,3492,39640,9ad8,RF69_Transmit_Address
36364,156,3492,40012,9c4c,RF69_Transmit_Blocking
36508,156,3500,40164,9ce4,RF69_Transmit_Interrupt
47328,156,3540,51024,c750,RTTY_Transmit
47360,156,3548,51064,c778,RTTY_Transmit_AFSK
46016,1436,3628,51080,c788,SSTV_Transmit
46056,1436,3636,51128,c7b8,SSTV_Transmit_AFSK
47524,156,3564,51244,c82c,STM32WLx_Channel_Activity_Detection
47708,156,3564,51428,c8e4,STM32WLx_Channel_Activity_Detection_Interrupt
48636,156,3564,52356,cc84,STM32WLx_Receive_Blocking
48704,156,3564,52424,ccc8,STM32WLx_Receive_Interrupt
48728,156,3564,52448,cce0,STM32WLx_Transmit_Blocking
48420,156,3572,52148,cbb4,STM32WLx_Transmit_Interrupt
36400,156,3492,40048,9c70,SX123x_Receive_Blocking
36500,156,3492,40148,9cd4,SX123x_Transmit_Blocking
45964,156,3564,49684,c214,SX126x_Channel_Activity_Detection_Blocking
46148,156,3564,49868,c2cc,SX126x_Channel_Activity_Detection_Interrupt
47696,156,3564,51416,c8d8,SX126x_Channel_Activity_Detection_Receive
47116,156,3564,50836,c694,SX126x_FSK_Modem
46260,156,3564,49980,c33c,SX126x_LR_FHSS_Modem
47256,156,3572,50984,c728,SX126x_PingPong
47336,156,3564,51056,c770,SX126x_Receive_Blocking
47404,156,3564,51124,c7b4,SX126x_Receive_Interrupt
47776,156,4004,51936,cae0,SX126x_Settings
48080,156,3564,51800,ca58,SX126x_Spectrum_Scan
48552,156,3564,52272,cc30,SX126x_Spectrum_Scan_Frequency
47120,156,3564,50840,c698,SX126x_Transmit_Blocking
46816,156,3572,50544,c570,SX126x_Transmit_Interrupt
44224,156,3492,47872,bb00,SX127x_Channel_Activity_Detection_Blocking
44396,156,3500,48052,bbb4,SX127x_Channel_Activity_Detection_Interrupt
46164,156,3500,49820,c29c,SX127x_Channel_Activity_Detection_Receive
45940,156,3492,49588,c1b4,SX127x_FSK_Modem
45548,156,3500,49204,c034,SX127x_PingPong
45792,156,3492,49440,c120,SX127x_Receive_Blocking
44388,156,3492,48036,bba4,SX127x_Receive_Direct
45348,184,3504,49036,bf8c,SX127x_Receive_FHSS
45888,156,3500,49544,c188,SX127x_Receive_Interrupt
48036,156,3868,52060,cb5c,SX127x_Settings
45404,156,3500,49060,bfa4,SX127x_Transmit_Blocking
45820,184,3520,49524,c174,SX127x_Transmit_FHSS
45092,156,3508,48756,be74,SX127x_Transmit_Interrupt
38632,156,3492,42280,a528,SX128x_BLE_Modem
37344,156,3492,40992,a020,SX128x_Channel_Activity_Detection_Blocking
37520,156,3500,41176,a0d8,SX128x_Channel_Activity_Detection_Interrupt
38636,156,3492,42284,a52c,SX128x_FLRC_Modem
38372,156,3492,42020,a424,SX128x_GFSK_Modem
38972,156,3492,42620,a67c,SX128x_Ranging
38980,156,3492,42628,a684,SX128x_Receive_Blocking
39056,156,3500,42712,a6d8,SX128x_Receive_Interrupt
38200,156,3868,42224,a4f0,SX128x_Settings
38044,156,3500,41700,a2e4,SX128x_Transmit_Blocking
38180,156,3508,41844,a374,SX128x_Transmit_Interrupt
37604,156,3476,41236,a114,Si443x_Receive_Blocking
37680,156,3484,41320,a168,Si443x_Receive_Interrupt
37748,156,3836,41740,a30c,Si443x_Settings
37748,156,3484,41388,a1ac,Si443x_Transmit_Blocking
37864,156,3492,41512,a228,Si443x_Transmit_Interrupt
44496,156,4020,48672,be20,Stream_Receive
45360,156,3524,49040,bf90,Stream_Transmit
30776,156,3468,34400,8660,nRF24_Receive_Blocking
30864,156,3468,34488,86b8,nRF24_Receive_Interrupt
30928,156,3468,34552,86f8,nRF24_Transmit_Blocking
31016,156,3476,34648,8758,nRF24_Transmit_Interrupt
