text,data,bss,dec,hex,filename
138312,13272,119520,271104,42300,AFSK_Imperial_March
138128,12584,119504,270216,41f88,AFSK_Tone
138224,12584,119504,270312,41fe8,AFSK_Tone_AM
142176,12584,119560,274320,42f90,APRS_MicE
141980,12584,119560,274124,42ecc,APRS_Position
141712,12584,119528,273824,42da0,APRS_Position_LoRa
139992,12584,119520,272096,426e0,AX25_Frames
139552,12584,119520,271656,42528,AX25_Transmit
140192,12584,119528,272304,427b0,AX25_Transmit_AFSK
141316,12584,119536,273436,42c1c,BellModem_Transmit
131012,12584,119480,263076,403a4,CC1101_Receive_Address
130852,12584,119480,262916,40304,CC1101_Receive_Blocking
130912,12584,119480,262976,40340,CC1101_Receive_Interrupt
130388,12584,119840,262812,4029c,CC1101_Settings
129892,12584,119480,261956,3ff44,CC1101_Transmit_Address
130416,12584,119480,262480,40150,CC1101_Transmit_Blocking
130552,12584,119488,262624,401e0,CC1101_Transmit_Interrupt
138832,12632,119576,271040,422c0,FSK4_Transmit
138840,12632,119584,271056,422d0,FSK4_Transmit_AFSK
141600,12584,119536,273720,42d38,Hellschreiber_Transmit
141624,12584,119544,273752,42d58,Hellschreiber_Transmit_AFSK
136608,12584,119520,268712,419a8,LR11x0_Channel_Activity_Detection_Blocking
136776,12584,119528,268888,41a58,LR11x0_Channel_Activity_Detection_Interrupt
382392,12584,119520,514496,7d9c0,LR11x0_Firmware_Update
137608,12584,119520,269712,41d90,LR11x0_GFSK_Modem
138600,12584,119600,270784,421c0,LR11x0_GNSS_Almanac_Update
138780,12584,119536,270900,42234,LR11x0_GNSS_Autonomous_Position
138196,12584,119528,270308,41fe4,LR11x0_GNSS_Satellites
136320,12584,119520,268424,41888,LR11x0_LR_FHSS_Modem
137972,12584,119536,270092,41f0c,LR11x0_PingPong
137720,12584,119520,269824,41e00,LR11x0_Receive_Blocking
137780,12584,119528,269892,41e44,LR11x0_Receive_Interrupt
137788,12584,119528,269900,41e4c,LR11x0_Transmit_Blocking
137484,12584,119536,269604,41d24,LR11x0_Transmit_Interrupt
138856,12584,119520,270960,42270,LR11x0_WiFi_Scan_Blocking
138960,12584,119528,271072,422e0,LR11x0_WiFi_Scan_Interrupt
156856,12584,121400,290840,47018,LoRaWAN_ABP
160196,12584,121480,294260,47d74,LoRaWAN_Class_C
160292,12584,121488,294364,47ddc,LoRaWAN_Multicast
158904,12584,121408,292896,47820,LoRaWAN_Reference
156808,12584,121408,290800,46ff0,LoRaWAN_Starter
158228,12592,121952,292772,477a4,LoRaWAN_TS_Packages
139320,12584,119576,271480,42478,Morse_Receive_AM
141464,12584,119568,273616,42cd0,Morse_Transmit_AM
141368,12584,119568,273520,42c70,Morse_Transmit_FM
141360,12584,119560,273504,42c60,Morse_Transmit_SSB
141144,12584,119552,273280,42b80,Pager_Receive
140972,12584,119552,273108,42ad4,Pager_Transmit
139492,12584,119496,271572,424d4,PhysicalLayer_Interface
129584,12584,119480,261648,3fe10,RF69_Receive_AES
129752,12584,119480,261816,3feb8,RF69_Receive_Address
129924,12584,119480,261988,3ff64,RF69_Receive_Blocking
129984,12584,119488,262056,3ffa8,RF69_Receive_Interrupt
129980,12584,119848,262412,4010c,RF69_Settings
129052,12584,119480,261116,3fbfc,RF69_Transmit_AES
129220,12584,119480,261284,3fca4,RF69_Transmit_Address
129584,12584,119488,261656,3fe18,RF69_Transmit_Blocking
129720,12584,119496,261800,3fea8,RF69_Transmit_Interrupt
141552,12584,119544,273680,42d10,RTTY_Transmit
141624,12584,119552,273760,42d60,RTTY_Transmit_AFSK
139676,13864,119632,273172,42b14,SSTV_Transmit
139748,13864,119640,273252,42b64,SSTV_Transmit_AFSK
129664,12584,119488,261736,3fe68,SX123x_Receive_Blocking
129760,12584,119488,261832,3fec8,SX123x_Transmit_Blocking
139980,12584,119568,272132,42704,SX126x_Channel_Activity_Detection_Blocking
140148,12584,119568,272300,427ac,SX126x_Channel_Activity_Detection_Interrupt
141684,12584,119568,273836,42dac,SX126x_Channel_Activity_Detection_Receive
141092,12584,119568,273244,42b5c,SX126x_FSK_Modem
141168,12584,119568,273320,42ba8,SX126x_LR_FHSS_Transmit_Blocking
140792,12584,119576,272952,42a38,SX126x_LR_FHSS_Transmit_Interrupt
141280,12584,119576,273440,42c20,SX126x_PingPong
141380,12584,119568,273532,42c7c,SX126x_Receive_Blocking
141384,12584,119568,273536,42c80,SX126x_Receive_Interrupt
141932,12584,120016,274532,43064,SX126x_Settings
142220,12584,119568,274372,42fc4,SX126x_Spectrum_Scan
142764,12584,119568,274916,431e4,SX126x_Spectrum_Scan_Frequency
141168,12584,119568,273320,42ba8,SX126x_Transmit_Blocking
140792,12584,119576,272952,42a38,SX126x_Transmit_Interrupt
137892,12584,119496,269972,41e94,SX127x_Channel_Activity_Detection_Blocking
138080,12584,119504,270168,41f58,SX127x_Channel_Activity_Detection_Interrupt
139804,12584,119504,271892,42614,SX127x_Channel_Activity_Detection_Receive
139536,12584,119496,271616,42500,SX127x_FSK_Modem
139236,12584,119512,271332,423e4,SX127x_PingPong
139420,12584,119496,271500,4248c,SX127x_Receive_Blocking
138016,12584,119496,270096,41f10,SX127x_Receive_Direct
139016,12608,119520,271144,42328,SX127x_Receive_FHSS
139512,12584,119504,271600,424f0,SX127x_Receive_Interrupt
142140,12584,119880,274604,430ac,SX127x_Settings
139116,12584,119504,271204,42364,SX127x_Transmit_Blocking
139556,12608,119536,271700,42554,SX127x_Transmit_FHSS
138748,12584,119512,270844,421fc,SX127x_Transmit_Interrupt
133152,12584,119504,265240,40c18,SX128x_BLE_Modem
131856,12584,119504,263944,40708,SX128x_Channel_Activity_Detection_Blocking
132024,12584,119504,264112,407b0,SX128x_Channel_Activity_Detection_Interrupt
133152,12584,119504,265240,40c18,SX128x_FLRC_Modem
132824,12584,119504,264912,40ad0,SX128x_GFSK_Modem
133300,12584,119504,265388,40cac,SX128x_Ranging
133256,12584,119504,265344,40c80,SX128x_Receive_Blocking
133316,12584,119504,265404,40cbc,SX128x_Receive_Interrupt
132736,12584,119888,265208,40bf8,SX128x_Settings
132524,12584,119504,264612,409a4,SX128x_Transmit_Blocking
132660,12584,119512,264756,40a34,SX128x_Transmit_Interrupt
130544,12584,119472,262600,401c8,Si443x_Receive_Blocking
130612,12584,119480,262676,40214,Si443x_Receive_Interrupt
130788,12584,119832,263204,40424,Si443x_Settings
130720,12584,119480,262784,40280,Si443x_Transmit_Blocking
130840,12584,119488,262912,40300,Si443x_Transmit_Interrupt
138236,12584,120024,270844,421fc,Stream_Receive
138944,12584,119528,271056,422d0,Stream_Transmit
127224,12584,119464,259272,3f4c8,nRF24_Receive_Blocking
127308,12584,119464,259356,3f51c,nRF24_Receive_Interrupt
127400,12584,119464,259448,3f578,nRF24_Transmit_Blocking
127448,12584,119472,259504,3f5b0,nRF24_Transmit_Interrupt
