text,data,bss,dec,hex,filename
58381,824,7716,66921,10569,AFSK_Imperial_March
58261,136,7716,66113,10241,AFSK_Tone
58341,136,7716,66193,10291,AFSK_Tone_AM
63509,136,7772,71417,116f9,APRS_MicE
63221,136,7772,71129,115d9,APRS_Position
63061,136,7740,70937,11519,APRS_Position_LoRa
60117,136,7732,67985,10991,AX25_Frames
59701,136,7732,67569,107f1,AX25_Transmit
60285,136,7740,68161,10a41,AX25_Transmit_AFSK
61109,136,7748,68993,10d81,BellModem_Transmit
50661,136,7684,58481,e471,CC1101_Receive_Address
50509,136,7684,58329,e3d9,CC1101_Receive_Blocking
50589,136,7692,58417,e431,CC1101_Receive_Interrupt
48733,136,8044,56913,de51,CC1101_Settings
48237,136,7684,56057,daf9,CC1101_Transmit_Address
48581,136,7692,56409,dc59,CC1101_Transmit_Blocking
48741,136,7700,56577,dd01,CC1101_Transmit_Interrupt
58901,192,7764,66857,10529,FSK4_Transmit
58933,192,7772,66897,10551,FSK4_Transmit_AFSK
61381,136,7740,69257,10e89,Hellschreiber_Transmit
61477,136,7748,69361,10ef1,Hellschreiber_Transmit_AFSK
55733,136,7732,63601,f871,LR11x0_Channel_Activity_Detection_Blocking
55901,136,7732,63769,f919,LR11x0_Channel_Activity_Detection_Interrupt
56541,136,7732,64409,fb99,LR11x0_GFSK_Modem
57829,136,7812,65777,100f1,LR11x0_GNSS_Almanac_Update
59365,136,7748,67249,106b1,LR11x0_GNSS_Autonomous_Position
57301,136,7732,65169,fe91,LR11x0_GNSS_Satellites
55421,136,7732,63289,f739,LR11x0_LR_FHSS_Modem
58397,136,7740,66273,102e1,LR11x0_PingPong
58149,136,7732,66017,101e1,LR11x0_Receive_Blocking
58213,136,7732,66081,10221,LR11x0_Receive_Interrupt
58293,136,7732,66161,10271,LR11x0_Transmit_Blocking
56421,136,7740,64297,fb29,LR11x0_Transmit_Interrupt
59269,136,7732,67137,10641,LR11x0_WiFi_Scan_Blocking
59325,136,7732,67193,10679,LR11x0_WiFi_Scan_Interrupt
77477,136,9612,87225,154b9,LoRaWAN_ABP
81949,136,9692,91777,16681,LoRaWAN_Class_C
82045,136,9700,91881,166e9,LoRaWAN_Multicast
79773,136,9612,89521,15db1,LoRaWAN_Reference
77429,136,9612,87177,15489,LoRaWAN_Starter
80397,144,10132,90673,16231,LoRaWAN_TS_Packages
59701,136,7788,67625,10829,Morse_Receive_AM
61549,136,7780,69465,10f59,Morse_Transmit_AM
61461,136,7780,69377,10f01,Morse_Transmit_FM
61421,136,7772,69329,10ed1,Morse_Transmit_SSB
60685,144,7756,68585,10be9,Pager_Receive
60765,136,7756,68657,10c31,Pager_Transmit
59501,144,7708,67353,10719,PhysicalLayer_Interface
49053,136,7692,56881,de31,RF69_Receive_AES
49269,136,7692,57097,df09,RF69_Receive_Address
49469,136,7692,57297,dfd1,RF69_Receive_Blocking
49549,136,7692,57377,e021,RF69_Receive_Interrupt
49677,136,8052,57865,e209,RF69_Settings
48701,136,7692,56529,dcd1,RF69_Transmit_AES
48917,136,7692,56745,dda9,RF69_Transmit_Address
49101,136,7692,56929,de61,RF69_Transmit_Blocking
49261,136,7700,57097,df09,RF69_Transmit_Interrupt
61333,136,7748,69217,10e61,RTTY_Transmit
61365,136,7756,69257,10e89,RTTY_Transmit_AFSK
59741,1416,7844,69001,10d89,SSTV_Transmit
59805,1416,7852,69073,10dd1,SSTV_Transmit_AFSK
49181,136,7692,57009,deb1,SX123x_Receive_Blocking
49325,136,7700,57161,df49,SX123x_Transmit_Blocking
61101,136,7772,69009,10d91,SX126x_Channel_Activity_Detection_Blocking
61277,136,7780,69193,10e49,SX126x_Channel_Activity_Detection_Interrupt
62725,136,7780,70641,113f1,SX126x_Channel_Activity_Detection_Receive
62069,136,7772,69977,11159,SX126x_FSK_Modem
62197,136,7780,70113,111e1,SX126x_LR_FHSS_Transmit_Blocking
61797,136,7788,69721,11059,SX126x_LR_FHSS_Transmit_Interrupt
62333,136,7788,70257,11271,SX126x_PingPong
62357,136,7772,70265,11279,SX126x_Receive_Blocking
62429,136,7780,70345,112c9,SX126x_Receive_Interrupt
63181,136,8220,71537,11771,SX126x_Settings
63301,136,7772,71209,11629,SX126x_Spectrum_Scan
63877,136,7772,71785,11869,SX126x_Spectrum_Scan_Frequency
62213,136,7780,70129,111f1,SX126x_Transmit_Blocking
61789,136,7788,69713,11051,SX126x_Transmit_Interrupt
57989,136,7708,65833,10129,SX127x_Channel_Activity_Detection_Blocking
58173,136,7716,66025,101e9,SX127x_Channel_Activity_Detection_Interrupt
59813,136,7716,67665,10851,SX127x_Channel_Activity_Detection_Receive
59493,136,7708,67337,10709,SX127x_FSK_Modem
59261,136,7716,67113,10629,SX127x_PingPong
59405,136,7708,67249,106b1,SX127x_Receive_Blocking
58213,136,7708,66057,10209,SX127x_Receive_Direct
58941,168,7716,66825,10509,SX127x_Receive_FHSS
59509,136,7708,67353,10719,SX127x_Receive_Interrupt
62237,136,8084,70457,11339,SX127x_Settings
59125,136,7708,66969,10599,SX127x_Transmit_Blocking
59509,168,7740,67417,10759,SX127x_Transmit_FHSS
58717,136,7716,66569,10409,SX127x_Transmit_Interrupt
53189,136,7708,61033,ee69,SX128x_BLE_Modem
52045,136,7708,59889,e9f1,SX128x_Channel_Activity_Detection_Blocking
52221,136,7716,60073,eaa9,SX128x_Channel_Activity_Detection_Interrupt
53221,136,7708,61065,ee89,SX128x_FLRC_Modem
52885,136,7708,60729,ed39,SX128x_GFSK_Modem
53485,136,7708,61329,ef91,SX128x_Ranging
53309,136,7708,61153,eee1,SX128x_Receive_Blocking
53397,136,7716,61249,ef41,SX128x_Receive_Interrupt
52989,136,8092,61217,ef21,SX128x_Settings
52589,136,7716,60441,ec19,SX128x_Transmit_Blocking
52749,136,7724,60609,ecc1,SX128x_Transmit_Interrupt
49221,136,7684,57041,ded1,Si443x_Receive_Blocking
49301,136,7684,57121,df21,Si443x_Receive_Interrupt
49621,136,8036,57793,e1c1,Si443x_Settings
49405,136,7684,57225,df89,Si443x_Transmit_Blocking
49549,136,7692,57377,e021,Si443x_Transmit_Interrupt
58317,136,8228,66681,10479,Stream_Receive
58877,136,7740,66753,104c1,Stream_Transmit
43893,136,7668,51697,c9f1,nRF24_Receive_Blocking
43981,136,7676,51793,ca51,nRF24_Receive_Interrupt
44085,136,7676,51897,cab9,nRF24_Transmit_Blocking
44181,136,7684,52001,cb21,nRF24_Transmit_Interrupt
